#INFO: **** input file is /blue/bartlett/z.windom/MOLSSI_develop/test/build_T2_interfaces/RECORDS/verify_spin_CCD/pyscfCode/N2_equil_UHF/run_pyscf.py ****
import numpy as np
import pyscf
from pyscf import ao2mo


def main():
    """ Initialize calculation details, 2e- integrals, Fock matrix, etc """

    # run pyscf for some reason
    basis = '6-31G'#'ccpvdz'
    mol = pyscf.M(
        atom='H 0 0 0; F 0 0 {}'.format(0.917), #'N 0 0 0; N 0 0 {}'.format(2.0749193),
        #atom='Be 0 0 0'
        verbose=5,
        #unit='b',
        basis=basis)


    mf = mol.RHF()
    mf.init_guess='1e'
    mf.conv_tol_grad=1E-10
    mf.run()

    from pyscf.lib import logger

    def stable_opt_internal(mf):
        log = logger.new_logger(mf)
        mo1, _, stable, _ = mf.stability(return_status=True)
        cyc = 0
        while (not stable and cyc < 10):
            log.note('Try to optimize orbitals until stable, attempt %d' % cyc)
            dm1 = mf.make_rdm1(mo1, mf.mo_occ)
            mf = mf.run(dm1)
            mo1, _, stable, _ = mf.stability(return_status=True)
            cyc += 1
        if not stable:
            log.note('Stability Opt failed after %d attempts' % cyc)
        return mf
    print('loop example')
    mf = stable_opt_internal(mf)

    orb=mf.mo_coeff
    print(np.shape(mf.get_hcore()))
    print(np.shape(orb))
    import run_ccd as run_ccd 
 
    cc_runtype={"ccdType":"CCDQf-1"}

    run_ccd.ccd_main(mf,mol,orb,cc_runtype)


main()
#INFO: ******************** input file end ********************


System: uname_result(system='Linux', node='login6.ufhpc', release='3.10.0-1160.80.1.el7.x86_64', version='#1 SMP Sat Oct 8 18:13:21 UTC 2022', machine='x86_64', processor='x86_64')  Threads 28
Python 3.7.12 | packaged by conda-forge | (default, Oct 26 2021, 06:08:21) 
[GCC 9.4.0]
numpy 1.21.6  scipy 1.7.3
Date: Mon Jan 30 09:17:48 2023
PySCF version 2.1.1
PySCF path  /blue/bartlett/z.windom/MOLSSI_develop/T2method/new/pyscf
GIT ORIG_HEAD 41535e74b1de6eb21fc9b6a13c089d6cd55b35d7
GIT HEAD (branch master) ff882f83f5730ea5610d52cc5b88d278f9b71da7

[ENV] PYSCF_INC_DIR /home/z.windom/libxc-4.3.4
[CONFIG] conf_file /home/z.windom/.pyscf_conf.py
[INPUT] verbose = 5
[INPUT] max_memory = 4000 
[INPUT] num. atoms = 2
[INPUT] num. electrons = 10
[INPUT] charge = 0
[INPUT] spin (= nelec alpha-beta = 2S) = 0
[INPUT] symmetry False subgroup None
[INPUT] Mole.unit = angstrom
[INPUT] Symbol           X                Y                Z      unit          X                Y                Z       unit  Magmom
[INPUT]  1 H      0.000000000000   0.000000000000   0.000000000000 AA    0.000000000000   0.000000000000   0.000000000000 Bohr   0.0
[INPUT]  2 F      0.000000000000   0.000000000000   0.917000000000 AA    0.000000000000   0.000000000000   1.732878856226 Bohr   0.0
[INPUT] ---------------- BASIS SET ---------------- 
[INPUT] l, kappa, [nprim/nctr], expnt,             c_1 c_2 ...
[INPUT] H
[INPUT] 0    0    [3    /1   ]  18.731137         0.0334946
                                2.8253937         0.23472695
                                0.6401217         0.81375733
[INPUT] 0    0    [1    /1   ]  0.1612778            1
[INPUT] F
[INPUT] 0    0    [6    /1   ]  7001.71309        0.0018196169
                                1051.36609        0.0139160796
                                239.28569         0.0684053245
                                67.3974453        0.23318576
                                21.5199573        0.471267439
                                7.4031013         0.356618546
[INPUT] 0    0    [3    /1   ]  20.8479528        -0.108506975
                                4.80830834        -0.146451658
                                1.34406986        1.12868858
[INPUT] 0    0    [1    /1   ]  0.358151393          1
[INPUT] 1    0    [3    /1   ]  20.8479528        0.0716287243
                                4.80830834        0.345912103
                                1.34406986        0.722469957
[INPUT] 1    0    [1    /1   ]  0.358151393          1

nuclear repulsion = 5.19366946377317
number of shells = 7
number of NR pGTOs = 26
number of NR cGTOs = 11
basis = 6-31G
ecp = {}
CPU time:         3.18


******** <class 'pyscf.scf.hf.RHF'> ********
method = RHF
initial guess = 1e
damping factor = 0
level_shift factor = 0
DIIS = <class 'pyscf.scf.diis.CDIIS'>
diis_start_cycle = 1
diis_space = 8
SCF conv_tol = 1e-09
SCF conv_tol_grad = 1e-10
SCF max_cycles = 50
direct_scf = True
direct_scf_tol = 1e-13
chkfile to save SCF result = /blue/bartlett/z.windom/MOLSSI_develop/test/build_T2_interfaces/RECORDS/verify_spin_CCD/pyscfCode/N2_equil_UHF/tmprck6yg7h
max_memory 4000 MB (current use 85 MB)
Initial guess from hcore.
  HOMO = -10.0936607887869  LUMO = -5.09275799553285
  mo_energy =
[-41.02296897 -10.44106609 -10.09553976 -10.09366079 -10.09366079
  -5.092758    -4.46049268  -4.406218    -4.406218    -3.81136747
  -2.66937615]
E1 = -163.49379278735645  E_coul = 64.62145720943587
init E= -93.6786661141474
cond(S) = 25.594965630916704
    CPU time for initialize scf      0.57 sec, wall time      0.03 sec

WARN: HOMO 0.56691696373586 == LUMO 0.566916963735862

  mo_energy =
[-22.43970108  -0.37984775   0.15030433   0.48126751   0.56691696
   0.56691696   1.341704     2.41147155   2.41147155   2.46484543
   2.72935315]
E1 = -133.31314089657485  E_coul = 31.822336439324346
cycle= 1 E= -96.2971349934773  delta_E= -2.62  |g|= 3.73  |ddm|=  8.8
    CPU time for cycle= 1      0.19 sec, wall time      0.01 sec
  HOMO = -1.52198319048934  LUMO = -0.170971468953892
  mo_energy =
[-29.32424907  -2.95002899  -2.02106978  -2.00438565  -1.52198319
  -0.17097147   0.43991661   0.50002088   0.53536903   0.90642994
   1.2569193 ]
E1 = -158.71468571557656  E_coul = 54.926937056953065
cycle= 2 E= -98.5940791948503  delta_E= -2.3  |g|= 2.76  |ddm|= 7.62
    CPU time for cycle= 2      0.24 sec, wall time      0.01 sec
  HOMO = -0.613409946339383  LUMO = 0.0569109502776061
  mo_energy =
[-26.62062353  -1.81341744  -0.95147796  -0.84917466  -0.61340995
   0.05691095   1.03437953   1.24078796   1.25631968   1.33536582
   1.8131404 ]
E1 = -152.86520121199644  E_coul = 47.786881593864344
cycle= 3 E= -99.8846501543589  delta_E= -1.29  |g|= 0.736  |ddm|= 1.24
    CPU time for cycle= 3      0.24 sec, wall time      0.01 sec
  HOMO = -0.654717880572264  LUMO = 0.183742069058292
  mo_energy =
[-26.39754627  -1.63312454  -0.78938298  -0.6607005   -0.65471788
   0.18374207   1.08595023   1.47719443   1.47752271   1.58046213
   1.98197797]
E1 = -151.00836171878763  E_coul = 45.83561968157654
cycle= 4 E= -99.9790725734379  delta_E= -0.0944  |g|= 0.123  |ddm|= 0.361
    CPU time for cycle= 4      0.24 sec, wall time      0.01 sec
  HOMO = -0.621571967374655  LUMO = 0.207580922944719
  mo_energy =
[-26.26601253  -1.58566841  -0.73943481  -0.62582825  -0.62157197
   0.20758092   1.11514656   1.48970991   1.49004716   1.59233087
   2.00584341]
E1 = -150.6272019526878  E_coul = 45.450193420853495
cycle= 5 E= -99.9833390680611  delta_E= -0.00427  |g|= 0.0112  |ddm|= 0.121
    CPU time for cycle= 5      0.26 sec, wall time      0.01 sec
  HOMO = -0.630799331737294  LUMO = 0.209215480144811
  mo_energy =
[-26.27685459  -1.58999236  -0.73978192  -0.63150216  -0.63079933
   0.20921548   1.11649101   1.4890038    1.48912611   1.59236515
   2.00557794]
E1 = -150.62805425060787  E_coul = 45.450977919254356
cycle= 6 E= -99.9834068675803  delta_E= -6.78e-05  |g|= 0.00261  |ddm|= 0.0182
    CPU time for cycle= 6      0.24 sec, wall time      0.01 sec
  HOMO = -0.631151759035646  LUMO = 0.209630753472504
  mo_energy =
[-26.27623226  -1.58986979  -0.7392429   -0.63130757  -0.63115176
   0.20963075   1.11676917   1.48926639   1.48931822   1.59298707
   2.00595487]
E1 = -150.62312598992435  E_coul = 45.4460476519072
cycle= 7 E= -99.983408874244  delta_E= -2.01e-06  |g|= 0.000618  |ddm|= 0.00262
    CPU time for cycle= 7      0.26 sec, wall time      0.01 sec
  HOMO = -0.631022242873921  LUMO = 0.209679062893559
  mo_energy =
[-26.27574781  -1.5896246   -0.7389933   -0.63105246  -0.63102224
   0.20967906   1.11680446   1.48944813   1.48945646   1.59318334
   2.00609692]
E1 = -150.62163078290482  E_coul = 45.4445523867476
cycle= 8 E= -99.983408932384  delta_E= -5.81e-08  |g|= 6.47e-05  |ddm|= 0.000318
    CPU time for cycle= 8      0.23 sec, wall time      0.01 sec
  HOMO = -0.6310305480937  LUMO = 0.209693347746496
  mo_energy =
[-26.27571917  -1.58960904  -0.73897822  -0.63103432  -0.63103055
   0.20969335   1.11681471   1.48946709   1.48946871   1.59320128
   2.00611212]
E1 = -150.62145722633383  E_coul = 45.44437882928856
cycle= 9 E= -99.9834089332721  delta_E= -8.88e-10  |g|= 7.34e-06  |ddm|= 5.43e-05
    CPU time for cycle= 9      0.26 sec, wall time      0.01 sec
  HOMO = -0.631031575017121  LUMO = 0.209693598551957
  mo_energy =
[-26.27571592  -1.58960704  -0.73897573  -0.63103162  -0.63103158
   0.2096936    1.1168144    1.48946997   1.48947008   1.59320376
   2.00611354]
E1 = -150.62144015326098  E_coul = 45.4443617562054
cycle= 10 E= -99.9834089332824  delta_E= -1.03e-11  |g|= 8.26e-07  |ddm|= 4.93e-06
    CPU time for cycle= 10      0.24 sec, wall time      0.01 sec
  HOMO = -0.631031119720702  LUMO = 0.209693692405846
  mo_energy =
[-26.27571496  -1.58960667  -0.73897552  -0.63103112  -0.63103112
   0.20969369   1.11681446   1.48947019   1.48947019   1.59320391
   2.00611371]
E1 = -150.62143795607022  E_coul = 45.44435955901466
cycle= 11 E= -99.9834089332824  delta_E=    0  |g|= 2.97e-08  |ddm|= 4.89e-07
    CPU time for cycle= 11      0.26 sec, wall time      0.01 sec
Linear dependence found in DIIS error vectors.
  HOMO = -0.631031124625375  LUMO = 0.209693697224245
  mo_energy =
[-26.27571497  -1.58960667  -0.73897552  -0.63103113  -0.63103112
   0.2096937    1.11681446   1.48947019   1.48947019   1.59320391
   2.00611371]
E1 = -150.62143796949852  E_coul = 45.4443595724429
cycle= 12 E= -99.9834089332824  delta_E= -5.68e-14  |g|= 1.53e-08  |ddm|= 1.65e-08
    CPU time for cycle= 12      0.25 sec, wall time      0.01 sec
Linear dependence found in DIIS error vectors.
  HOMO = -0.631031123245474  LUMO = 0.209693697709673
  mo_energy =
[-26.27571497  -1.58960668  -0.73897552  -0.63103112  -0.63103112
   0.2096937    1.11681447   1.48947019   1.48947019   1.5932039
   2.00611371]
E1 = -150.62143797741024  E_coul = 45.44435958035468
cycle= 13 E= -99.9834089332824  delta_E= 5.68e-14  |g|= 3.32e-09  |ddm|= 1.67e-08
    CPU time for cycle= 13      0.14 sec, wall time      0.01 sec
Linear dependence found in DIIS error vectors.
  HOMO = -0.631031123305733  LUMO = 0.209693697881054
  mo_energy =
[-26.27571497  -1.58960668  -0.73897552  -0.63103112  -0.63103112
   0.2096937    1.11681447   1.48947019   1.48947019   1.5932039
   2.00611371]
E1 = -150.62143797746228  E_coul = 45.444359580406555
cycle= 14 E= -99.9834089332825  delta_E= -1.56e-13  |g|= 2.41e-09  |ddm|= 9.08e-10
    CPU time for cycle= 14      0.12 sec, wall time      0.01 sec
Linear dependence found in DIIS error vectors.
  HOMO = -0.631031123335658  LUMO = 0.209693697967275
  mo_energy =
[-26.27571497  -1.58960668  -0.73897552  -0.63103112  -0.63103112
   0.2096937    1.11681447   1.48947019   1.48947019   1.5932039
   2.00611371]
E1 = -150.62143797791916  E_coul = 45.44435958086352
cycle= 15 E= -99.9834089332825  delta_E= 8.53e-14  |g|= 1.96e-09  |ddm|= 8.5e-10
    CPU time for cycle= 15      0.12 sec, wall time      0.01 sec
Linear dependence found in DIIS error vectors.
  HOMO = -0.631031123312876  LUMO = 0.209693697894929
  mo_energy =
[-26.27571497  -1.58960668  -0.73897552  -0.63103112  -0.63103112
   0.2096937    1.11681447   1.48947019   1.48947019   1.5932039
   2.00611371]
E1 = -150.62143797985567  E_coul = 45.44435958280012
cycle= 16 E= -99.9834089332824  delta_E= 8.53e-14  |g|= 2.04e-09  |ddm|= 1.24e-09
    CPU time for cycle= 16      0.11 sec, wall time      0.01 sec
Linear dependence found in DIIS error vectors.
  HOMO = -0.631031123474436  LUMO = 0.209693698070353
  mo_energy =
[-26.27571497  -1.58960668  -0.73897552  -0.63103112  -0.63103112
   0.2096937    1.11681447   1.48947019   1.48947019   1.5932039
   2.00611371]
E1 = -150.62143797940354  E_coul = 45.444359582347964
cycle= 17 E= -99.9834089332824  delta_E= -1.42e-14  |g|= 1.99e-09  |ddm|= 1.17e-09
    CPU time for cycle= 17      0.12 sec, wall time      0.01 sec
Linear dependence found in DIIS error vectors.
  HOMO = -0.631031123700565  LUMO = 0.209693698078671
  mo_energy =
[-26.27571497  -1.58960668  -0.73897552  -0.63103112  -0.63103112
   0.2096937    1.11681447   1.48947019   1.48947019   1.5932039
   2.00611371]
E1 = -150.62143797907868  E_coul = 45.444359582023154
cycle= 18 E= -99.9834089332823  delta_E= 4.26e-14  |g|= 1.83e-09  |ddm|= 8.94e-10
    CPU time for cycle= 18      0.12 sec, wall time      0.01 sec
Linear dependence found in DIIS error vectors.
  HOMO = -0.631031123768468  LUMO = 0.209693698093346
  mo_energy =
[-26.27571497  -1.58960668  -0.73897552  -0.63103112  -0.63103112
   0.2096937    1.11681447   1.48947019   1.48947019   1.5932039
   2.00611371]
E1 = -150.62143797963063  E_coul = 45.444359582574954
cycle= 19 E= -99.9834089332825  delta_E= -1.56e-13  |g|= 1.65e-09  |ddm|= 2.66e-10
    CPU time for cycle= 19      0.12 sec, wall time      0.01 sec
Linear dependence found in DIIS error vectors.
  HOMO = -0.631031123527217  LUMO = 0.209693698237116
  mo_energy =
[-26.27571497  -1.58960668  -0.73897552  -0.63103112  -0.63103112
   0.2096937    1.11681447   1.48947019   1.48947019   1.5932039
   2.00611371]
E1 = -150.62143797791398  E_coul = 45.444359580858276
cycle= 20 E= -99.9834089332825  delta_E= -2.84e-14  |g|= 8.84e-10  |ddm|= 8.58e-10
    CPU time for cycle= 20      0.12 sec, wall time      0.01 sec
Linear dependence found in DIIS error vectors.
  HOMO = -0.631031123395558  LUMO = 0.209693698267459
  mo_energy =
[-26.27571497  -1.58960668  -0.73897552  -0.63103112  -0.63103112
   0.2096937    1.11681447   1.48947019   1.48947019   1.5932039
   2.00611371]
E1 = -150.62143797757403  E_coul = 45.44435958051837
cycle= 21 E= -99.9834089332825  delta_E= 5.68e-14  |g|= 5.28e-10  |ddm|= 5.31e-10
    CPU time for cycle= 21      0.11 sec, wall time      0.01 sec
Linear dependence found in DIIS error vectors.
  HOMO = -0.631031123400744  LUMO = 0.20969369827476
  mo_energy =
[-26.27571497  -1.58960668  -0.73897552  -0.63103112  -0.63103112
   0.2096937    1.11681447   1.48947019   1.48947019   1.5932039
   2.00611371]
E1 = -150.62143797756562  E_coul = 45.444359580509996
cycle= 22 E= -99.9834089332824  delta_E= 2.84e-14  |g|= 4.51e-10  |ddm|= 8.49e-11
    CPU time for cycle= 22      0.12 sec, wall time      0.01 sec
Linear dependence found in DIIS error vectors.
  HOMO = -0.631031123403899  LUMO = 0.209693698279881
  mo_energy =
[-26.27571497  -1.58960668  -0.73897552  -0.63103112  -0.63103112
   0.2096937    1.11681447   1.48947019   1.48947019   1.5932039
   2.00611371]
E1 = -150.62143797755962  E_coul = 45.44435958050404
cycle= 23 E= -99.9834089332824  delta_E= 4.26e-14  |g|= 3.99e-10  |ddm|= 5.89e-11
    CPU time for cycle= 23      0.13 sec, wall time      0.01 sec
Linear dependence found in DIIS error vectors.
  HOMO = -0.631031123412992  LUMO = 0.209693698285147
  mo_energy =
[-26.27571497  -1.58960668  -0.73897552  -0.63103112  -0.63103112
   0.2096937    1.11681447   1.48947019   1.48947019   1.5932039
   2.00611371]
E1 = -150.6214379775713  E_coul = 45.44435958051577
cycle= 24 E= -99.9834089332824  delta_E= 4.26e-14  |g|= 3.54e-10  |ddm|= 5.19e-11
    CPU time for cycle= 24      0.14 sec, wall time      0.01 sec
Linear dependence found in DIIS error vectors.
  HOMO = -0.631031123446412  LUMO = 0.209693698291821
  mo_energy =
[-26.27571497  -1.58960668  -0.73897552  -0.63103112  -0.63103112
   0.2096937    1.11681447   1.48947019   1.48947019   1.5932039
   2.00611371]
E1 = -150.62143797767217  E_coul = 45.444359580616585
cycle= 25 E= -99.9834089332824  delta_E= -5.68e-14  |g|= 2.82e-10  |ddm|= 8.96e-11
    CPU time for cycle= 25      0.14 sec, wall time      0.01 sec
Linear dependence found in DIIS error vectors.
  HOMO = -0.631031123470611  LUMO = 0.209693698293184
  mo_energy =
[-26.27571497  -1.58960668  -0.73897552  -0.63103112  -0.63103112
   0.2096937    1.11681447   1.48947019   1.48947019   1.5932039
   2.00611371]
E1 = -150.62143797777287  E_coul = 45.444359580717226
cycle= 26 E= -99.9834089332825  delta_E= -5.68e-14  |g|= 2.12e-10  |ddm|= 7.26e-11
    CPU time for cycle= 26      0.14 sec, wall time      0.01 sec
Linear dependence found in DIIS error vectors.
  HOMO = -0.631031123481846  LUMO = 0.209693698293967
  mo_energy =
[-26.27571497  -1.58960668  -0.73897552  -0.63103112  -0.63103112
   0.2096937    1.11681447   1.48947019   1.48947019   1.5932039
   2.00611371]
E1 = -150.62143797785947  E_coul = 45.4443595808039
cycle= 27 E= -99.9834089332824  delta_E= 8.53e-14  |g|= 1.54e-10  |ddm|= 6.01e-11
    CPU time for cycle= 27      0.14 sec, wall time      0.01 sec
Linear dependence found in DIIS error vectors.
  HOMO = -0.631031123497339  LUMO = 0.209693698293867
  mo_energy =
[-26.27571497  -1.58960668  -0.73897552  -0.63103112  -0.63103112
   0.2096937    1.11681447   1.48947019   1.48947019   1.5932039
   2.00611371]
E1 = -150.6214379779771  E_coul = 45.44435958092154
cycle= 28 E= -99.9834089332824  delta_E=    0  |g|= 1.1e-10  |ddm|= 5.64e-11
    CPU time for cycle= 28      0.14 sec, wall time      0.01 sec
Linear dependence found in DIIS error vectors.
  HOMO = -0.63103112349624  LUMO = 0.209693698293967
  mo_energy =
[-26.27571497  -1.58960668  -0.73897552  -0.63103112  -0.63103112
   0.2096937    1.11681447   1.48947019   1.48947019   1.5932039
   2.00611371]
E1 = -150.62143797797643  E_coul = 45.44435958092084
cycle= 29 E= -99.9834089332824  delta_E= -2.84e-14  |g|= 8.64e-11  |ddm|= 2.88e-11
    CPU time for cycle= 29      0.12 sec, wall time      0.01 sec
  HOMO = -0.631031123480675  LUMO = 0.209693698298804
  mo_energy =
[-26.27571497  -1.58960668  -0.73897552  -0.63103112  -0.63103112
   0.2096937    1.11681447   1.48947019   1.48947019   1.5932039
   2.00611371]
E1 = -150.62143797780195  E_coul = 45.444359580746415
Extra cycle  E= -99.9834089332824  delta_E= 5.68e-14  |g|= 3.36e-11  |ddm|= 7.19e-11
    CPU time for scf_cycle      5.75 sec, wall time      0.25 sec
    CPU time for SCF      5.75 sec, wall time      0.25 sec
converged SCF energy = -99.9834089332824
loop example
davidson 0 1  |r|= 4.69  e= [4.66030793]  max|de|= 4.66  lindep= 0.596
davidson 1 2  |r|= 1.82  e= [2.52921849]  max|de|= -2.13  lindep= 0.802
davidson 2 3  |r|= 0.908  e= [2.0942487]  max|de|= -0.435  lindep= 0.863
davidson 3 4  |r|= 0.831  e= [1.83461809]  max|de|= -0.26  lindep= 0.909
davidson 4 5  |r|= 0.268  e= [1.80004609]  max|de|= -0.0346  lindep= 0.829
davidson 5 6  |r|= 0.0334  e= [1.79811867]  max|de|= -0.00193  lindep= 0.558
root 0 converged  |r|= 0.00239  e= 1.798074847375815  max|de|= -4.38e-05
converged 6 7  |r|= 0.00239  e= [1.79807485]  max|de|= -4.38e-05
<class 'pyscf.scf.hf.RHF'> wavefunction is stable in the internal stability analysis
(11, 11)
(11, 11)
shape of numpy coeff rhf: (2, 11, 11)
total 2e- integral energy: 45.44435958074641
(11, 11, 11, 11)
final rhf/uhf energy: -99.98340893328236
moE: [-26.27571497  -1.58960668  -0.73897552  -0.63103112  -0.63103112
   0.2096937    1.11681447   1.48947019   1.48947019   1.5932039
   2.00611371] [-26.27571497  -1.58960668  -0.73897552  -0.63103112  -0.63103112
   0.2096937    1.11681447   1.48947019   1.48947019   1.5932039
   2.00611371]
slice(None, 5, None) slice(5, None, None)
eabij_aa: [[[[-0.01887832 -0.03535479 -0.03645102 -0.03659501 -0.03659501]
   [-0.03535479 -0.27788579 -0.36390505 -0.37878426 -0.37878426]
   [-0.03645102 -0.36390505 -0.5270541  -0.5588484  -0.5588484 ]
   [-0.03659501 -0.37878426 -0.5588484  -0.59472492 -0.59472492]
   [-0.03659501 -0.37878426 -0.5588484  -0.59472492 -0.59472492]]

  [[-0.01856047 -0.03425616 -0.03528432 -0.03541923 -0.03541923]
   [-0.03425616 -0.22194004 -0.27359105 -0.28191679 -0.28191679]
   [-0.03528432 -0.27359105 -0.35657499 -0.37084907 -0.37084907]
   [-0.03541923 -0.28191679 -0.37084907 -0.38631362 -0.38631362]
   [-0.03541923 -0.28191679 -0.37084907 -0.38631362 -0.38631362]]

  [[-0.01843298 -0.03382437 -0.03482639 -0.03495781 -0.03495781]
   [-0.03382437 -0.2049862  -0.24827782 -0.25511495 -0.25511495]
   [-0.03482639 -0.24827782 -0.31475097 -0.32582093 -0.32582093]
   [-0.03495781 -0.25511495 -0.32582093 -0.33769795 -0.33769795]
   [-0.03495781 -0.25511495 -0.32582093 -0.33769795 -0.33769795]]

  [[-0.01843298 -0.03382437 -0.03482639 -0.03495781 -0.03495781]
   [-0.03382437 -0.2049862  -0.24827782 -0.25511495 -0.25511495]
   [-0.03482639 -0.24827782 -0.31475097 -0.32582093 -0.32582093]
   [-0.03495781 -0.25511495 -0.32582093 -0.33769795 -0.33769795]
   [-0.03495781 -0.25511495 -0.32582093 -0.33769795 -0.33769795]]

  [[-0.0183978  -0.0337061  -0.03470103 -0.0348315  -0.0348315 ]
   [-0.0337061  -0.20071813 -0.24204403 -0.24853764 -0.24853764]
   [-0.03470103 -0.24204403 -0.30479919 -0.31516867 -0.31516867]
   [-0.0348315  -0.24853764 -0.31516867 -0.32626855 -0.32626855]
   [-0.0348315  -0.24853764 -0.31516867 -0.32626855 -0.32626855]]

  [[-0.01825909 -0.03324343 -0.03421084 -0.03433765 -0.03433765]
   [-0.03324343 -0.1853561  -0.22005156 -0.22540569 -0.22540569]
   [-0.03421084 -0.22005156 -0.27072696 -0.2788767  -0.2788767 ]
   [-0.03433765 -0.22540569 -0.2788767  -0.28753234 -0.28753234]
   [-0.03433765 -0.22540569 -0.2788767  -0.28753234 -0.28753234]]]


 [[[-0.01856047 -0.03425616 -0.03528432 -0.03541923 -0.03541923]
   [-0.03425616 -0.22194004 -0.27359105 -0.28191679 -0.28191679]
   [-0.03528432 -0.27359105 -0.35657499 -0.37084907 -0.37084907]
   [-0.03541923 -0.28191679 -0.37084907 -0.38631362 -0.38631362]
   [-0.03541923 -0.28191679 -0.37084907 -0.38631362 -0.38631362]]

  [[-0.01825315 -0.03322375 -0.03419    -0.03431665 -0.03431665]
   [-0.03322375 -0.18474582 -0.21919196 -0.22450384 -0.22450384]
   [-0.03419    -0.21919196 -0.26942704 -0.27749754 -0.27749754]
   [-0.03431665 -0.22450384 -0.27749754 -0.28606646 -0.28606646]
   [-0.03431665 -0.22450384 -0.27749754 -0.28606646 -0.28606646]]

  [[-0.01812983 -0.03281744 -0.03375986 -0.03388334 -0.03388334]
   [-0.03281744 -0.17284597 -0.20263971 -0.20717134 -0.20717134]
   [-0.03375986 -0.20263971 -0.24484385 -0.25149063 -0.25149063]
   [-0.03388334 -0.20717134 -0.25149063 -0.25850836 -0.25850836]
   [-0.03388334 -0.20717134 -0.25149063 -0.25850836 -0.25850836]]

  [[-0.01812983 -0.03281744 -0.03375986 -0.03388334 -0.03388334]
   [-0.03281744 -0.17284597 -0.20263971 -0.20717134 -0.20717134]
   [-0.03375986 -0.20263971 -0.24484385 -0.25149063 -0.25149063]
   [-0.03388334 -0.20717134 -0.25149063 -0.25850836 -0.25850836]
   [-0.03388334 -0.20717134 -0.25149063 -0.25850836 -0.25850836]]

  [[-0.0180958  -0.0327061  -0.03364205 -0.03376466 -0.03376466]
   [-0.0327061  -0.16980144 -0.19846781 -0.20281276 -0.20281276]
   [-0.03364205 -0.19846781 -0.2387792  -0.24509654 -0.24509654]
   [-0.03376466 -0.20281276 -0.24509654 -0.25175723 -0.25175723]
   [-0.03376466 -0.20281276 -0.24509654 -0.25175723 -0.25175723]]

  [[-0.01796159 -0.0322703  -0.03318112 -0.03330039 -0.03330039]
   [-0.0322703  -0.15867622 -0.1834354  -0.18714095 -0.18714095]
   [-0.03318112 -0.1834354  -0.21734976 -0.22257167 -0.22257167]
   [-0.03330039 -0.18714095 -0.22257167 -0.22805067 -0.22805067]
   [-0.03330039 -0.18714095 -0.22257167 -0.22805067 -0.22805067]]]


 [[[-0.01843298 -0.03382437 -0.03482639 -0.03495781 -0.03495781]
   [-0.03382437 -0.2049862  -0.24827782 -0.25511495 -0.25511495]
   [-0.03482639 -0.24827782 -0.31475097 -0.32582093 -0.32582093]
   [-0.03495781 -0.25511495 -0.32582093 -0.33769795 -0.33769795]
   [-0.03495781 -0.25511495 -0.32582093 -0.33769795 -0.33769795]]

  [[-0.01812983 -0.03281744 -0.03375986 -0.03388334 -0.03388334]
   [-0.03281744 -0.17284597 -0.20263971 -0.20717134 -0.20717134]
   [-0.03375986 -0.20263971 -0.24484385 -0.25149063 -0.25149063]
   [-0.03388334 -0.20717134 -0.25149063 -0.25850836 -0.25850836]
   [-0.03388334 -0.20717134 -0.25149063 -0.25850836 -0.25850836]]

  [[-0.01800816 -0.03242094 -0.03334041 -0.03346083 -0.03346083]
   [-0.03242094 -0.16238633 -0.18841182 -0.19232329 -0.19232329]
   [-0.03334041 -0.18841182 -0.22437163 -0.22994072 -0.22994072]
   [-0.03346083 -0.19232329 -0.22994072 -0.2357933  -0.2357933 ]
   [-0.03346083 -0.19232329 -0.22994072 -0.2357933  -0.2357933 ]]

  [[-0.01800816 -0.03242094 -0.03334041 -0.03346083 -0.03346083]
   [-0.03242094 -0.16238633 -0.18841182 -0.19232329 -0.19232329]
   [-0.03334041 -0.18841182 -0.22437163 -0.22994072 -0.22994072]
   [-0.03346083 -0.19232329 -0.22994072 -0.2357933  -0.2357933 ]
   [-0.03346083 -0.19232329 -0.22994072 -0.2357933  -0.2357933 ]]

  [[-0.01797459 -0.03231227 -0.0332255  -0.03334509 -0.03334509]
   [-0.03231227 -0.15969626 -0.18479997 -0.18856142 -0.18856142]
   [-0.0332255  -0.18479997 -0.21926819 -0.22458381 -0.22458381]
   [-0.03334509 -0.18856142 -0.22458381 -0.23016356 -0.23016356]
   [-0.03334509 -0.18856142 -0.22458381 -0.23016356 -0.23016356]]

  [[-0.01784216 -0.03188683 -0.03277584 -0.03289222 -0.03289222]
   [-0.03188683 -0.14981728 -0.1716984  -0.17494073 -0.17494073]
   [-0.03277584 -0.1716984  -0.20106424 -0.2055249  -0.2055249 ]
   [-0.03289222 -0.17494073 -0.2055249  -0.21018797 -0.21018797]
   [-0.03289222 -0.17494073 -0.2055249  -0.21018797 -0.21018797]]]


 [[[-0.01843298 -0.03382437 -0.03482639 -0.03495781 -0.03495781]
   [-0.03382437 -0.2049862  -0.24827782 -0.25511495 -0.25511495]
   [-0.03482639 -0.24827782 -0.31475097 -0.32582093 -0.32582093]
   [-0.03495781 -0.25511495 -0.32582093 -0.33769795 -0.33769795]
   [-0.03495781 -0.25511495 -0.32582093 -0.33769795 -0.33769795]]

  [[-0.01812983 -0.03281744 -0.03375986 -0.03388334 -0.03388334]
   [-0.03281744 -0.17284597 -0.20263971 -0.20717134 -0.20717134]
   [-0.03375986 -0.20263971 -0.24484385 -0.25149063 -0.25149063]
   [-0.03388334 -0.20717134 -0.25149063 -0.25850836 -0.25850836]
   [-0.03388334 -0.20717134 -0.25149063 -0.25850836 -0.25850836]]

  [[-0.01800816 -0.03242094 -0.03334041 -0.03346083 -0.03346083]
   [-0.03242094 -0.16238633 -0.18841182 -0.19232329 -0.19232329]
   [-0.03334041 -0.18841182 -0.22437163 -0.22994072 -0.22994072]
   [-0.03346083 -0.19232329 -0.22994072 -0.2357933  -0.2357933 ]
   [-0.03346083 -0.19232329 -0.22994072 -0.2357933  -0.2357933 ]]

  [[-0.01800816 -0.03242094 -0.03334041 -0.03346083 -0.03346083]
   [-0.03242094 -0.16238633 -0.18841182 -0.19232329 -0.19232329]
   [-0.03334041 -0.18841182 -0.22437163 -0.22994072 -0.22994072]
   [-0.03346083 -0.19232329 -0.22994072 -0.2357933  -0.2357933 ]
   [-0.03346083 -0.19232329 -0.22994072 -0.2357933  -0.2357933 ]]

  [[-0.01797459 -0.03231227 -0.0332255  -0.03334509 -0.03334509]
   [-0.03231227 -0.15969626 -0.18479997 -0.18856142 -0.18856142]
   [-0.0332255  -0.18479997 -0.21926819 -0.22458381 -0.22458381]
   [-0.03334509 -0.18856142 -0.22458381 -0.23016356 -0.23016356]
   [-0.03334509 -0.18856142 -0.22458381 -0.23016356 -0.23016356]]

  [[-0.01784216 -0.03188683 -0.03277584 -0.03289222 -0.03289222]
   [-0.03188683 -0.14981728 -0.1716984  -0.17494073 -0.17494073]
   [-0.03277584 -0.1716984  -0.20106424 -0.2055249  -0.2055249 ]
   [-0.03289222 -0.17494073 -0.2055249  -0.21018797 -0.21018797]
   [-0.03289222 -0.17494073 -0.2055249  -0.21018797 -0.21018797]]]


 [[[-0.0183978  -0.0337061  -0.03470103 -0.0348315  -0.0348315 ]
   [-0.0337061  -0.20071813 -0.24204403 -0.24853764 -0.24853764]
   [-0.03470103 -0.24204403 -0.30479919 -0.31516867 -0.31516867]
   [-0.0348315  -0.24853764 -0.31516867 -0.32626855 -0.32626855]
   [-0.0348315  -0.24853764 -0.31516867 -0.32626855 -0.32626855]]

  [[-0.0180958  -0.0327061  -0.03364205 -0.03376466 -0.03376466]
   [-0.0327061  -0.16980144 -0.19846781 -0.20281276 -0.20281276]
   [-0.03364205 -0.19846781 -0.2387792  -0.24509654 -0.24509654]
   [-0.03376466 -0.20281276 -0.24509654 -0.25175723 -0.25175723]
   [-0.03376466 -0.20281276 -0.24509654 -0.25175723 -0.25175723]]

  [[-0.01797459 -0.03231227 -0.0332255  -0.03334509 -0.03334509]
   [-0.03231227 -0.15969626 -0.18479997 -0.18856142 -0.18856142]
   [-0.0332255  -0.18479997 -0.21926819 -0.22458381 -0.22458381]
   [-0.03334509 -0.18856142 -0.22458381 -0.23016356 -0.23016356]
   [-0.03334509 -0.18856142 -0.22458381 -0.23016356 -0.23016356]]

  [[-0.01797459 -0.03231227 -0.0332255  -0.03334509 -0.03334509]
   [-0.03231227 -0.15969626 -0.18479997 -0.18856142 -0.18856142]
   [-0.0332255  -0.18479997 -0.21926819 -0.22458381 -0.22458381]
   [-0.03334509 -0.18856142 -0.22458381 -0.23016356 -0.23016356]
   [-0.03334509 -0.18856142 -0.22458381 -0.23016356 -0.23016356]]

  [[-0.01794113 -0.03220433 -0.03311138 -0.03323015 -0.03323015]
   [-0.03220433 -0.15709386 -0.18132399 -0.18494388 -0.18494388]
   [-0.03311138 -0.18132399 -0.21439174 -0.21947082 -0.21947082]
   [-0.03323015 -0.18494388 -0.21947082 -0.22479639 -0.22479639]
   [-0.03323015 -0.18494388 -0.21947082 -0.22479639 -0.22479639]]

  [[-0.0178092  -0.03178171 -0.03266479 -0.03278037 -0.03278037]
   [-0.03178171 -0.14752459 -0.16869381 -0.17182262 -0.17182262]
   [-0.03266479 -0.16869381 -0.19695629 -0.2012346  -0.2012346 ]
   [-0.03278037 -0.17182262 -0.2012346  -0.20570291 -0.20570291]
   [-0.03278037 -0.17182262 -0.2012346  -0.20570291 -0.20570291]]]


 [[[-0.01825909 -0.03324343 -0.03421084 -0.03433765 -0.03433765]
   [-0.03324343 -0.1853561  -0.22005156 -0.22540569 -0.22540569]
   [-0.03421084 -0.22005156 -0.27072696 -0.2788767  -0.2788767 ]
   [-0.03433765 -0.22540569 -0.2788767  -0.28753234 -0.28753234]
   [-0.03433765 -0.22540569 -0.2788767  -0.28753234 -0.28753234]]

  [[-0.01796159 -0.0322703  -0.03318112 -0.03330039 -0.03330039]
   [-0.0322703  -0.15867622 -0.1834354  -0.18714095 -0.18714095]
   [-0.03318112 -0.1834354  -0.21734976 -0.22257167 -0.22257167]
   [-0.03330039 -0.18714095 -0.22257167 -0.22805067 -0.22805067]
   [-0.03330039 -0.18714095 -0.22257167 -0.22805067 -0.22805067]]

  [[-0.01784216 -0.03188683 -0.03277584 -0.03289222 -0.03289222]
   [-0.03188683 -0.14981728 -0.1716984  -0.17494073 -0.17494073]
   [-0.03277584 -0.1716984  -0.20106424 -0.2055249  -0.2055249 ]
   [-0.03289222 -0.17494073 -0.2055249  -0.21018797 -0.21018797]
   [-0.03289222 -0.17494073 -0.2055249  -0.21018797 -0.21018797]]

  [[-0.01784216 -0.03188683 -0.03277584 -0.03289222 -0.03289222]
   [-0.03188683 -0.14981728 -0.1716984  -0.17494073 -0.17494073]
   [-0.03277584 -0.1716984  -0.20106424 -0.2055249  -0.2055249 ]
   [-0.03289222 -0.17494073 -0.2055249  -0.21018797 -0.21018797]
   [-0.03289222 -0.17494073 -0.2055249  -0.21018797 -0.21018797]]

  [[-0.0178092  -0.03178171 -0.03266479 -0.03278037 -0.03278037]
   [-0.03178171 -0.14752459 -0.16869381 -0.17182262 -0.17182262]
   [-0.03266479 -0.16869381 -0.19695629 -0.2012346  -0.2012346 ]
   [-0.03278037 -0.17182262 -0.2012346  -0.20570291 -0.20570291]
   [-0.03278037 -0.17182262 -0.2012346  -0.20570291 -0.20570291]]

  [[-0.0176792  -0.03137004 -0.03223008 -0.0323426  -0.0323426 ]
   [-0.03137004 -0.13905419 -0.15770857 -0.16043986 -0.16043986]
   [-0.03223008 -0.15770857 -0.18214344 -0.18579645 -0.18579645]
   [-0.0323426  -0.16043986 -0.18579645 -0.18959899 -0.18959899]
   [-0.0323426  -0.16043986 -0.18579645 -0.18959899 -0.18959899]]]] (6, 6, 5, 5)
hf energy: -99.98340893328236
nuclear repulsion: 5.193669463773174
(11, 11, 11, 11)
mp2aaaa/bbbbE: 0.0 0.0 0.0
initial energy: -105.17707839705554
    ==> CCSDT amplitude equations <==

     Iter              Corr. Energy                 |dE|    |dT|

there zww hi
still here
hi
mp2aaaa/bbbbE: -0.016362733292583448 -0.016362733292583448 -0.09596875299953017
        0      -0.128694219585       0.128694219585 

there zww hi
still here
hi
mp2aaaa/bbbbE: -0.01424451026065468 -0.01424451026065468 -0.10026315253191168
        1      -0.128752173053       0.000057953469 

there zww hi
still here
hi
mp2aaaa/bbbbE: -0.013781844840663509 -0.013781844840663507 -0.10278045268065214
        2      -0.130344142362       0.001591969309 

there zww hi
still here
hi
mp2aaaa/bbbbE: -0.013595441893216811 -0.01359544189321681 -0.1036373900667547
        3      -0.130828273853       0.000484131491 

there zww hi
still here
hi
mp2aaaa/bbbbE: -0.013523378118623414 -0.013523378118623409 -0.10395453088259901
        4      -0.131001287120       0.000173013267 

there zww hi
still here
hi
mp2aaaa/bbbbE: -0.013476710459986711 -0.013476710459986704 -0.10415257086197026
        5      -0.131105991782       0.000104704662 

there zww hi
still here
hi
mp2aaaa/bbbbE: -0.013476707767311023 -0.01347670776731102 -0.10414995062884609
        6      -0.131103366163       0.000002625618 

there zww hi
still here
hi
mp2aaaa/bbbbE: -0.013476725162532321 -0.013476725162532314 -0.10414990156459518
        7      -0.131103351890       0.000000014274 

there zww hi
still here
hi
mp2aaaa/bbbbE: -0.013476731034505184 -0.013476731034505182 -0.1041499220417359
        8      -0.131103384111       0.000000032221 

there zww hi
still here
hi
mp2aaaa/bbbbE: -0.013476731550131802 -0.0134767315501318 -0.10414992011442306
        9      -0.131103383215       0.000000000896 

there zww hi
still here
hi
mp2aaaa/bbbbE: -0.013476731512253783 -0.013476731512253775 -0.10414992016993622
       10      -0.131103383194       0.000000000020 

there zww hi
still here
hi
mp2aaaa/bbbbE: -0.013476731527469867 -0.013476731527469862 -0.10414992014566235
       11      -0.131103383201       0.000000000006 

there zww hi
still here
hi
mp2aaaa/bbbbE: -0.013476731525060326 -0.013476731525060322 -0.10414992015264105
       12      -0.131103383203       0.000000000002 

there zww hi
still here
hi
mp2aaaa/bbbbE: -0.01347673152489318 -0.013476731524893176 -0.10414992015248162
       13      -0.131103383202       0.000000000000 








Final, total correlated energy: -100.11451231648465
Final CCD correlation contribution: -0.1311033832022872
