#INFO: **** input file is /blue/bartlett/z.windom/MOLSSI_develop/test/build_T2_interfaces/RECORDS/verify_spin_CCD/pyscfCode/N2_equil_UHF/run_pyscf.py ****
import numpy as np
import pyscf
from pyscf import ao2mo


def main():
    """ Initialize calculation details, 2e- integrals, Fock matrix, etc """

    # run pyscf for some reason
    basis = 'ccpvdz'
    mol = pyscf.M(
        atom='N 0 0 0; N 0 0 {}'.format(3.000), #2.0749193),
        #atom='Be 0 0 0'
        verbose=5,
        unit='b',
        basis=basis)



    mf = mol.UHF()
    mf.run()
    orb=mf.mo_coeff
    print(np.shape(mf.get_hcore()))
    print(np.shape(orb))
    import run_ccd as run_ccd 
 
    run_ccd.ccd_main(mf,mol,orb)


main()
#INFO: ******************** input file end ********************


System: uname_result(system='Linux', node='c0712a-s5.ufhpc', release='3.10.0-1160.81.1.el7.x86_64', version='#1 SMP Thu Nov 24 12:21:22 UTC 2022', machine='x86_64', processor='x86_64')  Threads 8
Python 3.7.12 | packaged by conda-forge | (default, Oct 26 2021, 06:08:21) 
[GCC 9.4.0]
numpy 1.21.6  scipy 1.7.3
Date: Fri Jan 27 23:46:25 2023
PySCF version 2.1.1
PySCF path  /blue/bartlett/z.windom/MOLSSI_develop/T2method/new/pyscf
GIT ORIG_HEAD 41535e74b1de6eb21fc9b6a13c089d6cd55b35d7
GIT HEAD (branch master) ff882f83f5730ea5610d52cc5b88d278f9b71da7

[ENV] PYSCF_INC_DIR /home/z.windom/libxc-4.3.4
[CONFIG] conf_file /home/z.windom/.pyscf_conf.py
[INPUT] verbose = 5
[INPUT] max_memory = 4000 
[INPUT] num. atoms = 2
[INPUT] num. electrons = 14
[INPUT] charge = 0
[INPUT] spin (= nelec alpha-beta = 2S) = 0
[INPUT] symmetry False subgroup None
[INPUT] Mole.unit = b
[INPUT] Symbol           X                Y                Z      unit          X                Y                Z       unit  Magmom
[INPUT]  1 N      0.000000000000   0.000000000000   0.000000000000 AA    0.000000000000   0.000000000000   0.000000000000 Bohr   0.0
[INPUT]  2 N      0.000000000000   0.000000000000   1.587531632760 AA    0.000000000000   0.000000000000   3.000000000000 Bohr   0.0
[INPUT] ---------------- BASIS SET ---------------- 
[INPUT] l, kappa, [nprim/nctr], expnt,             c_1 c_2 ...
[INPUT] N
[INPUT] 0    0    [8    /2   ]  9046              0.0007 -0.000153
                                1357              0.005389 -0.001208
                                309.3             0.027406 -0.005992
                                87.73             0.103207 -0.024544
                                28.56             0.278723 -0.067459
                                10.21             0.44854 -0.158078
                                3.838             0.278238 -0.121831
                                0.7466            0.01544 0.549003
[INPUT] 0    0    [1    /1   ]  0.2248               1
[INPUT] 1    0    [3    /1   ]  13.55             0.039919
                                2.917             0.217169
                                0.7973            0.510319
[INPUT] 1    0    [1    /1   ]  0.2185               1
[INPUT] 2    0    [1    /1   ]  0.817                1

nuclear repulsion = 16.3333333333333
number of shells = 10
number of NR pGTOs = 52
number of NR cGTOs = 28
basis = ccpvdz
ecp = {}
CPU time:         0.86


******** <class 'pyscf.scf.uhf.UHF'> ********
method = UHF
initial guess = minao
damping factor = 0
level_shift factor = 0
DIIS = <class 'pyscf.scf.diis.CDIIS'>
diis_start_cycle = 1
diis_space = 8
SCF conv_tol = 1e-09
SCF conv_tol_grad = None
SCF max_cycles = 50
direct_scf = True
direct_scf_tol = 1e-13
chkfile to save SCF result = /scratch/local/56038145/tmp4phtng9_
max_memory 4000 MB (current use 85 MB)
number electrons alpha = 7  beta = 7
Set gradient conv threshold to 3.16228e-05
E1 = -180.8870830829738  Ecoul = 56.65844487264927
init E= -107.895304876991
cond(S) = 89.73589951114617
    CPU time for initialize scf      0.06 sec, wall time      0.02 sec
  alpha nocc = 7  HOMO = -0.278450415628058  LUMO = -0.0702045175052554
  beta  nocc = 7  HOMO = -0.275900205584064  LUMO = -0.0696517776143299
  alpha mo_energy =
[-15.56602142 -15.56526312  -1.20231855  -0.77742808  -0.31959412
  -0.27845042  -0.27845042  -0.07020452  -0.07020452   0.21496162
   0.91781276   0.96937906   0.96937906   1.00425163   1.04323475
   1.04323475   1.12659396   1.43520752   1.79547147   1.79547147
   1.98941791   1.98941791   2.10451393   2.13174167   2.13174167
   2.50686722   2.50686722   3.08653504]
  beta  mo_energy =
[-15.56553766 -15.56501929  -1.19347315  -0.77659025  -0.32086424
  -0.27590021  -0.27590021  -0.06965178  -0.06965178   0.21586291
   0.91743577   0.96956623   0.96956623   1.0047323    1.04367743
   1.04367743   1.12737613   1.43571086   1.79592378   1.79592378
   1.99004557   1.99004557   2.10504317   2.13216506   2.13216506
   2.50713759   2.50713759   3.08665626]
multiplicity <S^2> = 3.651134e-06  2S+1 = 1.0000073
E1 = -178.59568657440016  Ecoul = 53.67987490643608
cycle= 1 E= -108.582478334631  delta_E= -0.687  |g|= 0.216  |ddm|=  1.1
    CPU time for cycle= 1      0.02 sec, wall time      0.00 sec
  alpha nocc = 7  HOMO = -0.506633310746818  LUMO = -0.0559271399012604
  beta  nocc = 7  HOMO = -0.506769122513499  LUMO = -0.0561261925075792
  alpha mo_energy =
[-15.91452093 -15.91394386  -1.25205104  -0.94623634  -0.59081371
  -0.50663331  -0.50663331  -0.05592714  -0.05592714   0.17863397
   0.84170188   0.87356881   0.87356881   0.92360548   0.96310178
   0.96310178   1.01341023   1.35886117   1.67750097   1.67750097
   1.87209547   1.87209547   1.98375038   2.02919294   2.02919294
   2.40422625   2.40422625   2.98189715]
  beta  mo_energy =
[-15.91457902 -15.91400193  -1.25216809  -0.94633931  -0.59049482
  -0.50676912  -0.50676912  -0.05612619  -0.05612619   0.17854559
   0.84180556   0.87346945   0.87346945   0.92365015   0.96300196
   0.96300196   1.01348982   1.35885746   1.67753096   1.67753096
   1.87204842   1.87204842   1.98377565   2.0291304    2.0291304
   2.40421076   2.40421076   2.98188574]
multiplicity <S^2> = 4.2553176e-07  2S+1 = 1.0000009
E1 = -179.74408590245957  Ecoul = 54.806178832752934
cycle= 2 E= -108.604573736373  delta_E= -0.0221  |g|= 0.0486  |ddm|= 0.223
    CPU time for cycle= 2      0.02 sec, wall time      0.00 sec
  alpha nocc = 7  HOMO = -0.460538351473719  LUMO = -0.00713446055585801
  beta  nocc = 7  HOMO = -0.460603531359408  LUMO = -0.00722534779809108
  alpha mo_energy =
[-1.57866757e+01 -1.57860502e+01 -1.19340030e+00 -9.01968907e-01
 -5.46789521e-01 -4.60538351e-01 -4.60538351e-01 -7.13446056e-03
 -7.13446056e-03  2.38783400e-01  8.71643754e-01  9.15856811e-01
  9.15856811e-01  9.48622867e-01  1.00086763e+00  1.00086763e+00
  1.05947845e+00  1.39405704e+00  1.72659707e+00  1.72659707e+00
  1.91842250e+00  1.91842250e+00  2.04156010e+00  2.07532176e+00
  2.07532176e+00  2.45417593e+00  2.45417593e+00  3.03093594e+00]
  beta  mo_energy =
[-1.57867058e+01 -1.57860802e+01 -1.19346726e+00 -9.02008778e-01
 -5.46647588e-01 -4.60603531e-01 -4.60603531e-01 -7.22534780e-03
 -7.22534780e-03  2.38711856e-01  8.71704341e-01  9.15792832e-01
  9.15792832e-01  9.48659086e-01  1.00081148e+00  1.00081148e+00
  1.05950406e+00  1.39404816e+00  1.72661007e+00  1.72661007e+00
  1.91839996e+00  1.91839996e+00  2.04156454e+00  2.07529244e+00
  2.07529244e+00  2.45416919e+00  2.45416919e+00  3.03093089e+00]
multiplicity <S^2> = 1.0667449e-07  2S+1 = 1.0000002
E1 = -179.51157926199048  Ecoul = 54.5721650061473
cycle= 3 E= -108.60608092251  delta_E= -0.00151  |g|= 0.0123  |ddm|= 0.0433
    CPU time for cycle= 3      0.02 sec, wall time      0.00 sec
  alpha nocc = 7  HOMO = -0.463989559319179  LUMO = -0.00954944498470242
  beta  nocc = 7  HOMO = -0.464004040406665  LUMO = -0.00956074522391097
  alpha mo_energy =
[-1.57972369e+01 -1.57966187e+01 -1.19758278e+00 -9.05027087e-01
 -5.55204418e-01 -4.63989559e-01 -4.63989559e-01 -9.54944498e-03
 -9.54944498e-03  2.36593335e-01  8.68148956e-01  9.13103846e-01
  9.13103846e-01  9.46150121e-01  9.98154980e-01  9.98154980e-01
  1.05510681e+00  1.39135842e+00  1.72258016e+00  1.72258016e+00
  1.91441787e+00  1.91441787e+00  2.03761614e+00  2.07151137e+00
  2.07151137e+00  2.45082226e+00  2.45082226e+00  3.02765884e+00]
  beta  mo_energy =
[-1.57972420e+01 -1.57966238e+01 -1.19760659e+00 -9.05026693e-01
 -5.55184005e-01 -4.64004040e-01 -4.64004040e-01 -9.56074522e-03
 -9.56074522e-03  2.36572186e-01  8.68159516e-01  9.13093591e-01
  9.13093591e-01  9.46161868e-01  9.98147069e-01  9.98147069e-01
  1.05509921e+00  1.39135286e+00  1.72258066e+00  1.72258066e+00
  1.91441372e+00  1.91441372e+00  2.03761276e+00  2.07150706e+00
  2.07150706e+00  2.45082272e+00  2.45082272e+00  3.02765916e+00]
multiplicity <S^2> = 6.8181896e-09  2S+1 = 1
E1 = -179.52421088859944  Ecoul = 54.58465200269123
cycle= 4 E= -108.606225552575  delta_E= -0.000145  |g|= 0.000635  |ddm|= 0.0184
    CPU time for cycle= 4      0.02 sec, wall time      0.00 sec
  alpha nocc = 7  HOMO = -0.463863482890465  LUMO = -0.00939080996386348
  beta  nocc = 7  HOMO = -0.463868895004979  LUMO = -0.00939556923862279
  alpha mo_energy =
[-1.57966221e+01 -1.57960040e+01 -1.19734392e+00 -9.04573670e-01
 -5.55021806e-01 -4.63863483e-01 -4.63863483e-01 -9.39080996e-03
 -9.39080996e-03  2.36757950e-01  8.68284915e-01  9.13152556e-01
  9.13152556e-01  9.46300671e-01  9.98263649e-01  9.98263649e-01
  1.05509580e+00  1.39144155e+00  1.72268849e+00  1.72268849e+00
  1.91451076e+00  1.91451076e+00  2.03776369e+00  2.07161172e+00
  2.07161172e+00  2.45096113e+00  2.45096113e+00  3.02782932e+00]
  beta  mo_energy =
[-1.57966244e+01 -1.57960062e+01 -1.19735589e+00 -9.04572882e-01
 -5.55007681e-01 -4.63868895e-01 -4.63868895e-01 -9.39556924e-03
 -9.39556924e-03  2.36749058e-01  8.68290222e-01  9.13149446e-01
  9.13149446e-01  9.46305230e-01  9.98260731e-01  9.98260731e-01
  1.05509166e+00  1.39143869e+00  1.72268936e+00  1.72268936e+00
  1.91450870e+00  1.91450870e+00  2.03776308e+00  2.07160948e+00
  2.07160948e+00  2.45096170e+00  2.45096170e+00  3.02782994e+00]
multiplicity <S^2> = 1.4602213e-09  2S+1 = 1
E1 = -179.52333815877478  Ecoul = 54.58377902713616
cycle= 5 E= -108.606225798305  delta_E= -2.46e-07  |g|= 0.0001  |ddm|= 0.000766
    CPU time for cycle= 5      0.02 sec, wall time      0.00 sec
  alpha nocc = 7  HOMO = -0.46391627379205  LUMO = -0.00944640963843121
  beta  nocc = 7  HOMO = -0.463918796729219  LUMO = -0.00944888161253597
  alpha mo_energy =
[-1.57967679e+01 -1.57961498e+01 -1.19737725e+00 -9.04611095e-01
 -5.55066544e-01 -4.63916274e-01 -4.63916274e-01 -9.44640964e-03
 -9.44640964e-03  2.36711979e-01  8.68254667e-01  9.13110462e-01
  9.13110462e-01  9.46279947e-01  9.98222658e-01  9.98222658e-01
  1.05507898e+00  1.39142521e+00  1.72264746e+00  1.72264746e+00
  1.91447152e+00  1.91447152e+00  2.03771564e+00  2.07157132e+00
  2.07157132e+00  2.45091770e+00  2.45091770e+00  3.02778336e+00]
  beta  mo_energy =
[-1.57967691e+01 -1.57961509e+01 -1.19738320e+00 -9.04610791e-01
 -5.55058537e-01 -4.63918797e-01 -4.63918797e-01 -9.44888161e-03
 -9.44888161e-03  2.36707479e-01  8.68257823e-01  9.13109014e-01
  9.13109014e-01  9.46282504e-01  9.98221215e-01  9.98221215e-01
  1.05507703e+00  1.39142375e+00  1.72264809e+00  1.72264809e+00
  1.91447044e+00  1.91447044e+00  2.03771562e+00  2.07157012e+00
  2.07157012e+00  2.45091804e+00  2.45091804e+00  3.02778379e+00]
multiplicity <S^2> = 3.7657522e-10  2S+1 = 1
E1 = -179.52351478656274  Ecoul = 54.58395564703183
cycle= 6 E= -108.606225806198  delta_E= -7.89e-09  |g|= 1.82e-05  |ddm|= 0.000138
    CPU time for cycle= 6      0.03 sec, wall time      0.00 sec
  alpha nocc = 7  HOMO = -0.463920107715819  LUMO = -0.00944827502698451
  beta  nocc = 7  HOMO = -0.463921104458571  LUMO = -0.00944927554452353
  alpha mo_energy =
[-1.57967660e+01 -1.57961479e+01 -1.19737762e+00 -9.04607449e-01
 -5.55066089e-01 -4.63920108e-01 -4.63920108e-01 -9.44827503e-03
 -9.44827503e-03  2.36713504e-01  8.68259842e-01  9.13109174e-01
  9.13109174e-01  9.46286272e-01  9.98222145e-01  9.98222145e-01
  1.05507845e+00  1.39142623e+00  1.72264763e+00  1.72264763e+00
  1.91447118e+00  1.91447118e+00  2.03771597e+00  2.07157116e+00
  2.07157116e+00  2.45091836e+00  2.45091836e+00  3.02778464e+00]
  beta  mo_energy =
[-1.57967665e+01 -1.57961483e+01 -1.19738003e+00 -9.04607225e-01
 -5.55062462e-01 -4.63921104e-01 -4.63921104e-01 -9.44927554e-03
 -9.44927554e-03  2.36711600e-01  8.68261331e-01  9.13108622e-01
  9.13108622e-01  9.46287482e-01  9.98221571e-01  9.98221571e-01
  1.05507765e+00  1.39142563e+00  1.72264793e+00  1.72264793e+00
  1.91447073e+00  1.91447073e+00  2.03771603e+00  2.07157066e+00
  2.07157066e+00  2.45091853e+00  2.45091853e+00  3.02778486e+00]
multiplicity <S^2> = 6.8191675e-11  2S+1 = 1
E1 = -179.52350265429277  Ecoul = 54.58394351445263
cycle= 7 E= -108.606225806507  delta_E= -3.09e-10  |g|= 3.71e-06  |ddm|= 2.91e-05
    CPU time for cycle= 7      0.02 sec, wall time      0.00 sec
  alpha nocc = 7  HOMO = -0.463920519169017  LUMO = -0.00944883441398348
  beta  nocc = 7  HOMO = -0.463921055521413  LUMO = -0.00944936688484263
  alpha mo_energy =
[-1.57967668e+01 -1.57961486e+01 -1.19737848e+00 -9.04607402e-01
 -5.55065158e-01 -4.63920519e-01 -4.63920519e-01 -9.44883441e-03
 -9.44883441e-03  2.36712548e-01  8.68259873e-01  9.13108519e-01
  9.13108519e-01  9.46286131e-01  9.98221635e-01  9.98221635e-01
  1.05507773e+00  1.39142567e+00  1.72264724e+00  1.72264724e+00
  1.91447066e+00  1.91447066e+00  2.03771552e+00  2.07157061e+00
  2.07157061e+00  2.45091795e+00  2.45091795e+00  3.02778429e+00]
  beta  mo_energy =
[-1.57967670e+01 -1.57961488e+01 -1.19737978e+00 -9.04607230e-01
 -5.55063119e-01 -4.63921056e-01 -4.63921056e-01 -9.44936688e-03
 -9.44936688e-03  2.36711505e-01  8.68260717e-01  9.13108230e-01
  9.13108230e-01  9.46286820e-01  9.98221329e-01  9.98221329e-01
  1.05507729e+00  1.39142534e+00  1.72264741e+00  1.72264741e+00
  1.91447042e+00  1.91447042e+00  2.03771556e+00  2.07157034e+00
  2.07157034e+00  2.45091805e+00  2.45091805e+00  3.02778442e+00]
multiplicity <S^2> = 2.0686564e-11  2S+1 = 1
E1 = -179.5235038661213  Ecoul = 54.583944726266466
Extra cycle  E= -108.606225806522  delta_E= -1.47e-11  |g|= 1.96e-06  |ddm|= 4.04e-06
    CPU time for scf_cycle      0.24 sec, wall time      0.04 sec
    CPU time for SCF      0.24 sec, wall time      0.04 sec
converged SCF energy = -108.606225806522  <S^2> = 2.0686564e-11  2S+1 = 1
(28, 28)
(2, 28, 28)
mo energy: (28,)
total 2e- integral energy: 54.58394472627093
(28, 28, 28, 28)
final rhf/uhf energy: -108.60622580652151
slice(None, 7, None) slice(7, None, None)
eabij_aa: [[[[-0.03167099 -0.03167161 -0.0589093  ... -0.06122599 -0.06156957
    -0.06156957]
   [-0.03167161 -0.03167223 -0.05891145 ... -0.0612283  -0.06157191
    -0.06157191]
   [-0.0589093  -0.05891145 -0.42090035 ... -0.57685231 -0.60886458
    -0.60886458]
   ...
   [-0.06122599 -0.0612283  -0.57685231 ... -0.91639487 -0.999912
    -0.999912  ]
   [-0.06156957 -0.06157191 -0.60886458 ... -0.999912   -1.10017855
    -1.10017855]
   [-0.06156957 -0.06157191 -0.60886458 ... -0.999912   -1.10017855
    -1.10017855]]

  [[-0.03167099 -0.03167161 -0.0589093  ... -0.06122599 -0.06156957
    -0.06156957]
   [-0.03167161 -0.03167223 -0.05891145 ... -0.0612283  -0.06157191
    -0.06157191]
   [-0.0589093  -0.05891145 -0.42090035 ... -0.57685231 -0.60886458
    -0.60886458]
   ...
   [-0.06122599 -0.0612283  -0.57685231 ... -0.91639487 -0.999912
    -0.999912  ]
   [-0.06156957 -0.06157191 -0.60886458 ... -0.999912   -1.10017855
    -1.10017855]
   [-0.06156957 -0.06157191 -0.60886458 ... -0.999912   -1.10017855
    -1.10017855]]

  [[-0.03142599 -0.0314266  -0.05806726 ... -0.06031692 -0.06065035
    -0.06065035]
   [-0.0314266  -0.03142721 -0.05806934 ... -0.06031917 -0.06065262
    -0.06065262]
   [-0.05806726 -0.05806934 -0.38138525 ... -0.50512516 -0.5295032
    -0.5295032 ]
   ...
   [-0.06031692 -0.06031917 -0.50512516 ... -0.74772279 -0.80240761
    -0.80240761]
   [-0.06065035 -0.06065262 -0.5295032  ... -0.80240761 -0.86572235
    -0.86572235]
   [-0.06065035 -0.06065262 -0.5295032  ... -0.80240761 -0.86572235
    -0.86572235]]

  ...

  [[-0.02938152 -0.02938205 -0.05145194 ... -0.05321045 -0.05346977
    -0.05346977]
   [-0.02938205 -0.02938258 -0.05145357 ... -0.0532122  -0.05347154
    -0.05347154]
   [-0.05145194 -0.05145357 -0.2067728  ... -0.23844082 -0.24373788
    -0.24373788]
   ...
   [-0.05321045 -0.0532122  -0.23844082 ... -0.28156328 -0.28897936
    -0.28897936]
   [-0.05346977 -0.05347154 -0.24373788 ... -0.28897936 -0.29679666
    -0.29679666]
   [-0.05346977 -0.05347154 -0.24373788 ... -0.28897936 -0.29679666
    -0.29679666]]

  [[-0.02938152 -0.02938205 -0.05145194 ... -0.05321045 -0.05346977
    -0.05346977]
   [-0.02938205 -0.02938258 -0.05145357 ... -0.0532122  -0.05347154
    -0.05347154]
   [-0.05145194 -0.05145357 -0.2067728  ... -0.23844082 -0.24373788
    -0.24373788]
   ...
   [-0.05321045 -0.0532122  -0.23844082 ... -0.28156328 -0.28897936
    -0.28897936]
   [-0.05346977 -0.05347154 -0.24373788 ... -0.28897936 -0.29679666
    -0.29679666]
   [-0.05346977 -0.05347154 -0.24373788 ... -0.28897936 -0.29679666
    -0.29679666]]

  [[-0.02889182 -0.02889234 -0.04996882 ... -0.05162578 -0.05186985
    -0.05186985]
   [-0.02889234 -0.02889286 -0.04997036 ... -0.05162743 -0.05187151
    -0.05187151]
   [-0.04996882 -0.04997036 -0.18473729 ... -0.20960937 -0.2136919
    -0.2136919 ]
   ...
   [-0.05162578 -0.05162743 -0.20960937 ... -0.24222073 -0.24768899
    -0.24768899]
   [-0.05186985 -0.05187151 -0.2136919  ... -0.24768899 -0.25340985
    -0.25340985]
   [-0.05186985 -0.05187151 -0.2136919  ... -0.24768899 -0.25340985
    -0.25340985]]]


 [[[-0.03167099 -0.03167161 -0.0589093  ... -0.06122599 -0.06156957
    -0.06156957]
   [-0.03167161 -0.03167223 -0.05891145 ... -0.0612283  -0.06157191
    -0.06157191]
   [-0.0589093  -0.05891145 -0.42090035 ... -0.57685231 -0.60886458
    -0.60886458]
   ...
   [-0.06122599 -0.0612283  -0.57685231 ... -0.91639487 -0.999912
    -0.999912  ]
   [-0.06156957 -0.06157191 -0.60886458 ... -0.999912   -1.10017855
    -1.10017855]
   [-0.06156957 -0.06157191 -0.60886458 ... -0.999912   -1.10017855
    -1.10017855]]

  [[-0.03167099 -0.03167161 -0.0589093  ... -0.06122599 -0.06156957
    -0.06156957]
   [-0.03167161 -0.03167223 -0.05891145 ... -0.0612283  -0.06157191
    -0.06157191]
   [-0.0589093  -0.05891145 -0.42090035 ... -0.57685231 -0.60886458
    -0.60886458]
   ...
   [-0.06122599 -0.0612283  -0.57685231 ... -0.91639487 -0.999912
    -0.999912  ]
   [-0.06156957 -0.06157191 -0.60886458 ... -0.999912   -1.10017855
    -1.10017855]
   [-0.06156957 -0.06157191 -0.60886458 ... -0.999912   -1.10017855
    -1.10017855]]

  [[-0.03142599 -0.0314266  -0.05806726 ... -0.06031692 -0.06065035
    -0.06065035]
   [-0.0314266  -0.03142721 -0.05806934 ... -0.06031917 -0.06065262
    -0.06065262]
   [-0.05806726 -0.05806934 -0.38138525 ... -0.50512516 -0.5295032
    -0.5295032 ]
   ...
   [-0.06031692 -0.06031917 -0.50512516 ... -0.74772279 -0.80240761
    -0.80240761]
   [-0.06065035 -0.06065262 -0.5295032  ... -0.80240761 -0.86572235
    -0.86572235]
   [-0.06065035 -0.06065262 -0.5295032  ... -0.80240761 -0.86572235
    -0.86572235]]

  ...

  [[-0.02938152 -0.02938205 -0.05145194 ... -0.05321045 -0.05346977
    -0.05346977]
   [-0.02938205 -0.02938258 -0.05145357 ... -0.0532122  -0.05347154
    -0.05347154]
   [-0.05145194 -0.05145357 -0.2067728  ... -0.23844082 -0.24373788
    -0.24373788]
   ...
   [-0.05321045 -0.0532122  -0.23844082 ... -0.28156328 -0.28897936
    -0.28897936]
   [-0.05346977 -0.05347154 -0.24373788 ... -0.28897936 -0.29679666
    -0.29679666]
   [-0.05346977 -0.05347154 -0.24373788 ... -0.28897936 -0.29679666
    -0.29679666]]

  [[-0.02938152 -0.02938205 -0.05145194 ... -0.05321045 -0.05346977
    -0.05346977]
   [-0.02938205 -0.02938258 -0.05145357 ... -0.0532122  -0.05347154
    -0.05347154]
   [-0.05145194 -0.05145357 -0.2067728  ... -0.23844082 -0.24373788
    -0.24373788]
   ...
   [-0.05321045 -0.0532122  -0.23844082 ... -0.28156328 -0.28897936
    -0.28897936]
   [-0.05346977 -0.05347154 -0.24373788 ... -0.28897936 -0.29679666
    -0.29679666]
   [-0.05346977 -0.05347154 -0.24373788 ... -0.28897936 -0.29679666
    -0.29679666]]

  [[-0.02889182 -0.02889234 -0.04996882 ... -0.05162578 -0.05186985
    -0.05186985]
   [-0.02889234 -0.02889286 -0.04997036 ... -0.05162743 -0.05187151
    -0.05187151]
   [-0.04996882 -0.04997036 -0.18473729 ... -0.20960937 -0.2136919
    -0.2136919 ]
   ...
   [-0.05162578 -0.05162743 -0.20960937 ... -0.24222073 -0.24768899
    -0.24768899]
   [-0.05186985 -0.05187151 -0.2136919  ... -0.24768899 -0.25340985
    -0.25340985]
   [-0.05186985 -0.05187151 -0.2136919  ... -0.24768899 -0.25340985
    -0.25340985]]]


 [[[-0.03142599 -0.0314266  -0.05806726 ... -0.06031692 -0.06065035
    -0.06065035]
   [-0.0314266  -0.03142721 -0.05806934 ... -0.06031917 -0.06065262
    -0.06065262]
   [-0.05806726 -0.05806934 -0.38138525 ... -0.50512516 -0.5295032
    -0.5295032 ]
   ...
   [-0.06031692 -0.06031917 -0.50512516 ... -0.74772279 -0.80240761
    -0.80240761]
   [-0.06065035 -0.06065262 -0.5295032  ... -0.80240761 -0.86572235
    -0.86572235]
   [-0.06065035 -0.06065262 -0.5295032  ... -0.80240761 -0.86572235
    -0.86572235]]

  [[-0.03142599 -0.0314266  -0.05806726 ... -0.06031692 -0.06065035
    -0.06065035]
   [-0.0314266  -0.03142721 -0.05806934 ... -0.06031917 -0.06065262
    -0.06065262]
   [-0.05806726 -0.05806934 -0.38138525 ... -0.50512516 -0.5295032
    -0.5295032 ]
   ...
   [-0.06031692 -0.06031917 -0.50512516 ... -0.74772279 -0.80240761
    -0.80240761]
   [-0.06065035 -0.06065262 -0.5295032  ... -0.80240761 -0.86572235
    -0.86572235]
   [-0.06065035 -0.06065262 -0.5295032  ... -0.80240761 -0.86572235
    -0.86572235]]

  [[-0.03118475 -0.03118535 -0.05724895 ... -0.05943446 -0.05975817
    -0.05975817]
   [-0.03118535 -0.03118595 -0.05725097 ... -0.05943664 -0.05976038
    -0.05976038]
   [-0.05724895 -0.05725097 -0.3486529  ... -0.44926279 -0.46844461
    -0.46844461]
   ...
   [-0.05943446 -0.05943664 -0.44926279 ... -0.63149038 -0.67005681
    -0.67005681]
   [-0.05975817 -0.05976038 -0.46844461 ... -0.67005681 -0.71364031
    -0.71364031]
   [-0.05975817 -0.05976038 -0.46844461 ... -0.67005681 -0.71364031
    -0.71364031]]

  ...

  [[-0.02917054 -0.02917106 -0.05080842 ... -0.05252249 -0.05277513
    -0.05277513]
   [-0.02917106 -0.02917159 -0.05081002 ... -0.0525242  -0.05277686
    -0.05277686]
   [-0.05080842 -0.05081002 -0.19675792 ... -0.22522146 -0.22994164
    -0.22994164]
   ...
   [-0.05252249 -0.0525242  -0.22522146 ... -0.26331305 -0.26978785
    -0.26978785]
   [-0.05277513 -0.05277686 -0.22994164 ... -0.26978785 -0.27658909
    -0.27658909]
   [-0.05277513 -0.05277686 -0.22994164 ... -0.26978785 -0.27658909
    -0.27658909]]

  [[-0.02917054 -0.02917106 -0.05080842 ... -0.05252249 -0.05277513
    -0.05277513]
   [-0.02917106 -0.02917159 -0.05081002 ... -0.0525242  -0.05277686
    -0.05277686]
   [-0.05080842 -0.05081002 -0.19675792 ... -0.22522146 -0.22994164
    -0.22994164]
   ...
   [-0.05252249 -0.0525242  -0.22522146 ... -0.26331305 -0.26978785
    -0.26978785]
   [-0.05277513 -0.05277686 -0.22994164 ... -0.26978785 -0.27658909
    -0.27658909]
   [-0.05277513 -0.05277686 -0.22994164 ... -0.26978785 -0.27658909
    -0.27658909]]

  [[-0.02868779 -0.0286883  -0.04936165 ... -0.05097794 -0.05121591
    -0.05121591]
   [-0.0286883  -0.02868881 -0.04936316 ... -0.05097954 -0.05121753
    -0.05121753]
   [-0.04936165 -0.04936316 -0.17670174 ... -0.19932467 -0.20301288
    -0.20301288]
   ...
   [-0.05097794 -0.05097954 -0.19932467 ... -0.22859091 -0.2334549
    -0.2334549 ]
   [-0.05121591 -0.05121753 -0.20301288 ... -0.2334549  -0.23853039
    -0.23853039]
   [-0.05121591 -0.05121753 -0.20301288 ... -0.2334549  -0.23853039
    -0.23853039]]]


 ...


 [[[-0.02938152 -0.02938205 -0.05145194 ... -0.05321045 -0.05346977
    -0.05346977]
   [-0.02938205 -0.02938258 -0.05145357 ... -0.0532122  -0.05347154
    -0.05347154]
   [-0.05145194 -0.05145357 -0.2067728  ... -0.23844082 -0.24373788
    -0.24373788]
   ...
   [-0.05321045 -0.0532122  -0.23844082 ... -0.28156328 -0.28897936
    -0.28897936]
   [-0.05346977 -0.05347154 -0.24373788 ... -0.28897936 -0.29679666
    -0.29679666]
   [-0.05346977 -0.05347154 -0.24373788 ... -0.28897936 -0.29679666
    -0.29679666]]

  [[-0.02938152 -0.02938205 -0.05145194 ... -0.05321045 -0.05346977
    -0.05346977]
   [-0.02938205 -0.02938258 -0.05145357 ... -0.0532122  -0.05347154
    -0.05347154]
   [-0.05145194 -0.05145357 -0.2067728  ... -0.23844082 -0.24373788
    -0.24373788]
   ...
   [-0.05321045 -0.0532122  -0.23844082 ... -0.28156328 -0.28897936
    -0.28897936]
   [-0.05346977 -0.05347154 -0.24373788 ... -0.28897936 -0.29679666
    -0.29679666]
   [-0.05346977 -0.05347154 -0.24373788 ... -0.28897936 -0.29679666
    -0.29679666]]

  [[-0.02917054 -0.02917106 -0.05080842 ... -0.05252249 -0.05277513
    -0.05277513]
   [-0.02917106 -0.02917159 -0.05081002 ... -0.0525242  -0.05277686
    -0.05277686]
   [-0.05080842 -0.05081002 -0.19675792 ... -0.22522146 -0.22994164
    -0.22994164]
   ...
   [-0.05252249 -0.0525242  -0.22522146 ... -0.26331305 -0.26978785
    -0.26978785]
   [-0.05277513 -0.05277686 -0.22994164 ... -0.26978785 -0.27658909
    -0.27658909]
   [-0.05277513 -0.05277686 -0.22994164 ... -0.26978785 -0.27658909
    -0.27658909]]

  ...

  [[-0.02740074 -0.0274012  -0.04567048 ... -0.0470507  -0.04725334
    -0.04725334]
   [-0.0274012  -0.02740166 -0.04567177 ... -0.04705207 -0.04725472
    -0.04725472]
   [-0.04567048 -0.04567177 -0.13705027 ... -0.15027923 -0.15236621
    -0.15236621]
   ...
   [-0.0470507  -0.04705207 -0.15027923 ... -0.16633493 -0.16889548
    -0.16889548]
   [-0.04725334 -0.04725472 -0.15236621 ... -0.16889548 -0.17153609
    -0.17153609]
   [-0.04725334 -0.04725472 -0.15236621 ... -0.16889548 -0.17153609
    -0.17153609]]

  [[-0.02740074 -0.0274012  -0.04567048 ... -0.0470507  -0.04725334
    -0.04725334]
   [-0.0274012  -0.02740166 -0.04567177 ... -0.04705207 -0.04725472
    -0.04725472]
   [-0.04567048 -0.04567177 -0.13705027 ... -0.15027923 -0.15236621
    -0.15236621]
   ...
   [-0.0470507  -0.04705207 -0.15027923 ... -0.16633493 -0.16889548
    -0.16889548]
   [-0.04725334 -0.04725472 -0.15236621 ... -0.16889548 -0.17153609
    -0.17153609]
   [-0.04725334 -0.04725472 -0.15236621 ... -0.16889548 -0.17153609
    -0.17153609]]

  [[-0.02697436 -0.02697481 -0.04449814 ... -0.0458074  -0.04599945
    -0.04599945]
   [-0.02697481 -0.02697526 -0.04449937 ... -0.0458087  -0.04600076
    -0.04600076]
   [-0.04449814 -0.04449937 -0.12700898 ... -0.13829067 -0.140056
    -0.140056  ]
   ...
   [-0.0458074  -0.0458087  -0.13829067 ... -0.15177196 -0.1539009
    -0.1539009 ]
   [-0.04599945 -0.04600076 -0.140056   ... -0.1539009  -0.15609042
    -0.15609042]
   [-0.04599945 -0.04600076 -0.140056   ... -0.1539009  -0.15609042
    -0.15609042]]]


 [[[-0.02938152 -0.02938205 -0.05145194 ... -0.05321045 -0.05346977
    -0.05346977]
   [-0.02938205 -0.02938258 -0.05145357 ... -0.0532122  -0.05347154
    -0.05347154]
   [-0.05145194 -0.05145357 -0.2067728  ... -0.23844082 -0.24373788
    -0.24373788]
   ...
   [-0.05321045 -0.0532122  -0.23844082 ... -0.28156328 -0.28897936
    -0.28897936]
   [-0.05346977 -0.05347154 -0.24373788 ... -0.28897936 -0.29679666
    -0.29679666]
   [-0.05346977 -0.05347154 -0.24373788 ... -0.28897936 -0.29679666
    -0.29679666]]

  [[-0.02938152 -0.02938205 -0.05145194 ... -0.05321045 -0.05346977
    -0.05346977]
   [-0.02938205 -0.02938258 -0.05145357 ... -0.0532122  -0.05347154
    -0.05347154]
   [-0.05145194 -0.05145357 -0.2067728  ... -0.23844082 -0.24373788
    -0.24373788]
   ...
   [-0.05321045 -0.0532122  -0.23844082 ... -0.28156328 -0.28897936
    -0.28897936]
   [-0.05346977 -0.05347154 -0.24373788 ... -0.28897936 -0.29679666
    -0.29679666]
   [-0.05346977 -0.05347154 -0.24373788 ... -0.28897936 -0.29679666
    -0.29679666]]

  [[-0.02917054 -0.02917106 -0.05080842 ... -0.05252249 -0.05277513
    -0.05277513]
   [-0.02917106 -0.02917159 -0.05081002 ... -0.0525242  -0.05277686
    -0.05277686]
   [-0.05080842 -0.05081002 -0.19675792 ... -0.22522146 -0.22994164
    -0.22994164]
   ...
   [-0.05252249 -0.0525242  -0.22522146 ... -0.26331305 -0.26978785
    -0.26978785]
   [-0.05277513 -0.05277686 -0.22994164 ... -0.26978785 -0.27658909
    -0.27658909]
   [-0.05277513 -0.05277686 -0.22994164 ... -0.26978785 -0.27658909
    -0.27658909]]

  ...

  [[-0.02740074 -0.0274012  -0.04567048 ... -0.0470507  -0.04725334
    -0.04725334]
   [-0.0274012  -0.02740166 -0.04567177 ... -0.04705207 -0.04725472
    -0.04725472]
   [-0.04567048 -0.04567177 -0.13705027 ... -0.15027923 -0.15236621
    -0.15236621]
   ...
   [-0.0470507  -0.04705207 -0.15027923 ... -0.16633493 -0.16889548
    -0.16889548]
   [-0.04725334 -0.04725472 -0.15236621 ... -0.16889548 -0.17153609
    -0.17153609]
   [-0.04725334 -0.04725472 -0.15236621 ... -0.16889548 -0.17153609
    -0.17153609]]

  [[-0.02740074 -0.0274012  -0.04567048 ... -0.0470507  -0.04725334
    -0.04725334]
   [-0.0274012  -0.02740166 -0.04567177 ... -0.04705207 -0.04725472
    -0.04725472]
   [-0.04567048 -0.04567177 -0.13705027 ... -0.15027923 -0.15236621
    -0.15236621]
   ...
   [-0.0470507  -0.04705207 -0.15027923 ... -0.16633493 -0.16889548
    -0.16889548]
   [-0.04725334 -0.04725472 -0.15236621 ... -0.16889548 -0.17153609
    -0.17153609]
   [-0.04725334 -0.04725472 -0.15236621 ... -0.16889548 -0.17153609
    -0.17153609]]

  [[-0.02697436 -0.02697481 -0.04449814 ... -0.0458074  -0.04599945
    -0.04599945]
   [-0.02697481 -0.02697526 -0.04449937 ... -0.0458087  -0.04600076
    -0.04600076]
   [-0.04449814 -0.04449937 -0.12700898 ... -0.13829067 -0.140056
    -0.140056  ]
   ...
   [-0.0458074  -0.0458087  -0.13829067 ... -0.15177196 -0.1539009
    -0.1539009 ]
   [-0.04599945 -0.04600076 -0.140056   ... -0.1539009  -0.15609042
    -0.15609042]
   [-0.04599945 -0.04600076 -0.140056   ... -0.1539009  -0.15609042
    -0.15609042]]]


 [[[-0.02889182 -0.02889234 -0.04996882 ... -0.05162578 -0.05186985
    -0.05186985]
   [-0.02889234 -0.02889286 -0.04997036 ... -0.05162743 -0.05187151
    -0.05187151]
   [-0.04996882 -0.04997036 -0.18473729 ... -0.20960937 -0.2136919
    -0.2136919 ]
   ...
   [-0.05162578 -0.05162743 -0.20960937 ... -0.24222073 -0.24768899
    -0.24768899]
   [-0.05186985 -0.05187151 -0.2136919  ... -0.24768899 -0.25340985
    -0.25340985]
   [-0.05186985 -0.05187151 -0.2136919  ... -0.24768899 -0.25340985
    -0.25340985]]

  [[-0.02889182 -0.02889234 -0.04996882 ... -0.05162578 -0.05186985
    -0.05186985]
   [-0.02889234 -0.02889286 -0.04997036 ... -0.05162743 -0.05187151
    -0.05187151]
   [-0.04996882 -0.04997036 -0.18473729 ... -0.20960937 -0.2136919
    -0.2136919 ]
   ...
   [-0.05162578 -0.05162743 -0.20960937 ... -0.24222073 -0.24768899
    -0.24768899]
   [-0.05186985 -0.05187151 -0.2136919  ... -0.24768899 -0.25340985
    -0.25340985]
   [-0.05186985 -0.05187151 -0.2136919  ... -0.24768899 -0.25340985
    -0.25340985]]

  [[-0.02868779 -0.0286883  -0.04936165 ... -0.05097794 -0.05121591
    -0.05121591]
   [-0.0286883  -0.02868881 -0.04936316 ... -0.05097954 -0.05121753
    -0.05121753]
   [-0.04936165 -0.04936316 -0.17670174 ... -0.19932467 -0.20301288
    -0.20301288]
   ...
   [-0.05097794 -0.05097954 -0.19932467 ... -0.22859091 -0.2334549
    -0.2334549 ]
   [-0.05121591 -0.05121753 -0.20301288 ... -0.2334549  -0.23853039
    -0.23853039]
   [-0.05121591 -0.05121753 -0.20301288 ... -0.2334549  -0.23853039
    -0.23853039]]

  ...

  [[-0.02697436 -0.02697481 -0.04449814 ... -0.0458074  -0.04599945
    -0.04599945]
   [-0.02697481 -0.02697526 -0.04449937 ... -0.0458087  -0.04600076
    -0.04600076]
   [-0.04449814 -0.04449937 -0.12700898 ... -0.13829067 -0.140056
    -0.140056  ]
   ...
   [-0.0458074  -0.0458087  -0.13829067 ... -0.15177196 -0.1539009
    -0.1539009 ]
   [-0.04599945 -0.04600076 -0.140056   ... -0.1539009  -0.15609042
    -0.15609042]
   [-0.04599945 -0.04600076 -0.140056   ... -0.1539009  -0.15609042
    -0.15609042]]

  [[-0.02697436 -0.02697481 -0.04449814 ... -0.0458074  -0.04599945
    -0.04599945]
   [-0.02697481 -0.02697526 -0.04449937 ... -0.0458087  -0.04600076
    -0.04600076]
   [-0.04449814 -0.04449937 -0.12700898 ... -0.13829067 -0.140056
    -0.140056  ]
   ...
   [-0.0458074  -0.0458087  -0.13829067 ... -0.15177196 -0.1539009
    -0.1539009 ]
   [-0.04599945 -0.04600076 -0.140056   ... -0.1539009  -0.15609042
    -0.15609042]
   [-0.04599945 -0.04600076 -0.140056   ... -0.1539009  -0.15609042
    -0.15609042]]

  [[-0.02656106 -0.02656149 -0.04338449 ... -0.04462811 -0.04481038
    -0.04481038]
   [-0.02656149 -0.02656193 -0.04338565 ... -0.04462934 -0.04481163
    -0.04481163]
   [-0.04338449 -0.04338565 -0.11833864 ... -0.12807357 -0.12958626
    -0.12958626]
   ...
   [-0.04462811 -0.04462934 -0.12807357 ... -0.13955373 -0.14135166
    -0.14135166]
   [-0.04481038 -0.04481163 -0.12958626 ... -0.14135166 -0.14319653
    -0.14319653]
   [-0.04481038 -0.04481163 -0.12958626 ... -0.14135166 -0.14319653
    -0.14319653]]]] (21, 21, 7, 7)
hf energy: -108.60622580652151
nuclear repulsion: 16.333333333333332
(28, 28, 28, 28)
(28, 28, 28, 28)
heading into energy calc: slice(None, 7, None) slice(7, None, None)
initial energy: -124.93955913985484
    ==> CCSDT amplitude equations <==

     Iter              Corr. Energy                 |dE|                 |dT|

        0      -0.532277777305       0.532277777305       2.540299315086

        1      -0.326720199172       0.205557578132       1.230052096595

        2      -0.468062426999       0.141342227827       0.608302330304

        3      -0.390008958119       0.078053468881       0.416761068257

        4      -0.441352248533       0.051343290414       0.218389708775

        5      -0.412833914664       0.028518333869       0.155389804125

        6      -0.431991039106       0.019157124442       0.079312003833

        7      -0.421660939619       0.010330099487       0.059674388030

        8      -0.428874793779       0.007213854161       0.028973252069

        9      -0.425169189712       0.003705604067       0.023626220186

       10      -0.427909516847       0.002740327134       0.010774222770

       11      -0.426598861772       0.001310655075       0.009742199529

       12      -0.427651476841       0.001052615069       0.004217728412

       13      -0.427197865411       0.000453611429       0.004222755659

       14      -0.427608110893       0.000410245482       0.001838549083

       15      -0.427456567584       0.000151543309       0.001925401042

       16      -0.427619446375       0.000162878791       0.000906243492

       17      -0.427571873689       0.000047572686       0.000916152579

       18      -0.427638031824       0.000066158134       0.000477737284

       19      -0.427624873921       0.000013157903       0.000450018092

       20      -0.427652475640       0.000027601719       0.000256846495

       21      -0.427649935638       0.000002540002       0.000226035726

       22      -0.427661800308       0.000011864670       0.000138268900

       23      -0.427662082239       0.000000281931       0.000115272449

       24      -0.427667344826       0.000005262587       0.000074161107

       25      -0.427668090853       0.000000746027       0.000059391594

       26      -0.427670498540       0.000002407686       0.000039605860

       27      -0.427671111878       0.000000613338       0.000030812078

       28      -0.427672245596       0.000001133718       0.000021073458

       29      -0.427672649926       0.000000404330       0.000016059845

       30      -0.427673197428       0.000000547503       0.000011180491

       31      -0.427673440359       0.000000242930       0.000008397250

       32      -0.427673710401       0.000000270042       0.000005919077

       33      -0.427673849398       0.000000138998       0.000004400207

       34      -0.427673984858       0.000000135459       0.000003128737

       35      -0.427674062137       0.000000077279       0.000002309168

       36      -0.427674130980       0.000000068843       0.000001651951

       37      -0.427674173181       0.000000042201       0.000001213066

       38      -0.427674208515       0.000000035333       0.000000871523

       39      -0.427674231293       0.000000022778       0.000000637710

       40      -0.427674249560       0.000000018267       0.000000459531

       41      -0.427674261760       0.000000012200       0.000000335411

       42      -0.427674271254       0.000000009494       0.000000242202

       43      -0.427674277754       0.000000006500       0.000000176474

       44      -0.427674282707       0.000000004953       0.000000127620

       45      -0.427674286157       0.000000003450       0.000000092873

       46      -0.427674288748       0.000000002591       0.000000067231

       47      -0.427674290576       0.000000001827       0.000000048885

       48      -0.427674291934       0.000000001358       0.000000035413

       49      -0.427674292900       0.000000000966       0.000000025734

       50      -0.427674293613       0.000000000713       0.000000018652

       51      -0.427674294123       0.000000000510       0.000000013548

       52      -0.427674294497       0.000000000374       0.000000009823

       53      -0.427674294766       0.000000000269       0.000000007133

       54      -0.427674294963       0.000000000197       0.000000005173

       55      -0.427674295105       0.000000000142       0.000000003756

       56      -0.427674295209       0.000000000104       0.000000002724

       57      -0.427674295283       0.000000000075       0.000000001977

       58      -0.427674295338       0.000000000054       0.000000001435

       59      -0.427674295377       0.000000000039       0.000000001041

       60      -0.427674295406       0.000000000029       0.000000000755

       61      -0.427674295427       0.000000000021       0.000000000548

       62      -0.427674295442       0.000000000015       0.000000000398

       63      -0.427674295453       0.000000000011       0.000000000289

       64      -0.427674295461       0.000000000008       0.000000000209

       65      -0.427674295466       0.000000000006       0.000000000152

       66      -0.427674295471       0.000000000004       0.000000000110

       67      -0.427674295474       0.000000000003       0.000000000080








Final, total correlated energy: -109.03390010199513
Final CCD correlation contribution: -0.4276742954736221
