#INFO: **** input file is /blue/bartlett/z.windom/MOLSSI_develop/test/build_T2_interfaces/RECORDS/verify_spin_CCD/pyscfCode/N2_equil_UHF/run_pyscf.py ****
import numpy as np
import pyscf
from pyscf import ao2mo


def main():
    """ Initialize calculation details, 2e- integrals, Fock matrix, etc """

    # run pyscf for some reason
    basis = 'ccpvdz'
    mol = pyscf.M(
        atom='N 0 0 0; N 0 0 {}'.format(2.0749193),
        #atom='Be 0 0 0'
        verbose=5,
        unit='b',
        basis=basis)


    mf = mol.RHF()
    mf.init_guess='1e'
    mf.run()

    from pyscf.lib import logger

    def stable_opt_internal(mf):
        log = logger.new_logger(mf)
        mo1, _, stable, _ = mf.stability(return_status=True)
        cyc = 0
        while (not stable and cyc < 10):
            log.note('Try to optimize orbitals until stable, attempt %d' % cyc)
            dm1 = mf.make_rdm1(mo1, mf.mo_occ)
            mf = mf.run(dm1)
            mo1, _, stable, _ = mf.stability(return_status=True)
            cyc += 1
        if not stable:
            log.note('Stability Opt failed after %d attempts' % cyc)
        return mf
    print('loop example')
    mf = stable_opt_internal(mf)

    orb=mf.mo_coeff
    print(np.shape(mf.get_hcore()))
    print(np.shape(orb))
    import run_ccd as run_ccd 
 
    run_ccd.ccd_main(mf,mol,orb)


main()
#INFO: ******************** input file end ********************


System: uname_result(system='Linux', node='login6.ufhpc', release='3.10.0-1160.80.1.el7.x86_64', version='#1 SMP Sat Oct 8 18:13:21 UTC 2022', machine='x86_64', processor='x86_64')  Threads 28
Python 3.7.12 | packaged by conda-forge | (default, Oct 26 2021, 06:08:21) 
[GCC 9.4.0]
numpy 1.21.6  scipy 1.7.3
Date: Sat Jan 28 15:19:02 2023
PySCF version 2.1.1
PySCF path  /blue/bartlett/z.windom/MOLSSI_develop/T2method/new/pyscf
GIT ORIG_HEAD 41535e74b1de6eb21fc9b6a13c089d6cd55b35d7
GIT HEAD (branch master) ff882f83f5730ea5610d52cc5b88d278f9b71da7

[ENV] PYSCF_INC_DIR /home/z.windom/libxc-4.3.4
[CONFIG] conf_file /home/z.windom/.pyscf_conf.py
[INPUT] verbose = 5
[INPUT] max_memory = 4000 
[INPUT] num. atoms = 2
[INPUT] num. electrons = 14
[INPUT] charge = 0
[INPUT] spin (= nelec alpha-beta = 2S) = 0
[INPUT] symmetry False subgroup None
[INPUT] Mole.unit = b
[INPUT] Symbol           X                Y                Z      unit          X                Y                Z       unit  Magmom
[INPUT]  1 N      0.000000000000   0.000000000000   0.000000000000 AA    0.000000000000   0.000000000000   0.000000000000 Bohr   0.0
[INPUT]  2 N      0.000000000000   0.000000000000   1.098000008058 AA    0.000000000000   0.000000000000   2.074919300000 Bohr   0.0
[INPUT] ---------------- BASIS SET ---------------- 
[INPUT] l, kappa, [nprim/nctr], expnt,             c_1 c_2 ...
[INPUT] N
[INPUT] 0    0    [8    /2   ]  9046              0.0007 -0.000153
                                1357              0.005389 -0.001208
                                309.3             0.027406 -0.005992
                                87.73             0.103207 -0.024544
                                28.56             0.278723 -0.067459
                                10.21             0.44854 -0.158078
                                3.838             0.278238 -0.121831
                                0.7466            0.01544 0.549003
[INPUT] 0    0    [1    /1   ]  0.2248               1
[INPUT] 1    0    [3    /1   ]  13.55             0.039919
                                2.917             0.217169
                                0.7973            0.510319
[INPUT] 1    0    [1    /1   ]  0.2185               1
[INPUT] 2    0    [1    /1   ]  0.817                1

nuclear repulsion = 23.6153762702964
number of shells = 10
number of NR pGTOs = 52
number of NR cGTOs = 28
basis = ccpvdz
ecp = {}
CPU time:         2.46


******** <class 'pyscf.scf.hf.RHF'> ********
method = RHF
initial guess = 1e
damping factor = 0
level_shift factor = 0
DIIS = <class 'pyscf.scf.diis.CDIIS'>
diis_start_cycle = 1
diis_space = 8
SCF conv_tol = 1e-09
SCF conv_tol_grad = None
SCF max_cycles = 50
direct_scf = True
direct_scf_tol = 1e-13
chkfile to save SCF result = /blue/bartlett/z.windom/MOLSSI_develop/test/build_T2_interfaces/RECORDS/verify_spin_CCD/pyscfCode/N2_equil_UHF/tmpbndph08x
max_memory 4000 MB (current use 85 MB)
Set gradient conv threshold to 3.16228e-05
Initial guess from hcore.

WARN: HOMO -8.82341801753517 == LUMO -8.82341801753517

  mo_energy =
[-27.82703418 -27.8264417  -10.65003406  -9.18273478  -9.12622355
  -9.12622355  -8.82341802  -8.82341802  -8.51351857  -8.42816226
  -5.96631708  -5.96631708  -5.73416344  -5.73416344  -5.63344362
  -5.09726808  -5.09726808  -4.76171975  -4.73641361  -4.73641361
  -4.69309919  -4.69309919  -4.61488131  -4.40864583  -4.06783726
  -3.80594278  -3.80594278  -2.98063239]
E1 = -205.12421970168828  E_coul = 81.60528976419009
init E= -99.9035536672018
cond(S) = 504.82631920102904
    CPU time for initialize scf      1.97 sec, wall time      0.08 sec
  HOMO = 0.349980963262085  LUMO = 0.459587076299881
  mo_energy =
[-13.5375512  -13.53692181  -0.06212079   0.12535098   0.23701814
   0.27788041   0.34998096   0.45958708   0.5884311    0.79077867
   1.37315611   1.40598614   1.4130421    1.4553751    1.59909887
   1.64569675   1.78677158   2.17108094   2.5243853    2.5246775
   2.67595059   2.71731785   2.91752859   2.91764324   3.54789198
   3.60392365   3.61138544   4.14935846]
E1 = -180.81690290349482  E_coul = 50.63001354159793
cycle= 1 E= -106.5715130916  delta_E= -6.67  |g|= 3.08  |ddm|= 10.7
    CPU time for cycle= 1      0.17 sec, wall time      0.01 sec
  HOMO = -1.02965111284863  LUMO = -0.475433900101568
  mo_energy =
[-17.10407332 -17.10190118  -2.36274653  -1.27914774  -1.24686915
  -1.14202751  -1.02965111  -0.4754339   -0.46205893   0.09011378
   0.37796514   0.40771182   0.4157732    0.56832641   0.60327851
   0.6496257    0.65134452   1.14017628   1.14020609   1.22594914
   1.23000635   1.23334097   1.72305083   1.72305825   2.26228211
   2.44219113   2.44392911   2.60285321]
E1 = -196.90213649432746  E_coul = 64.49391045633345
cycle= 2 E= -108.792849767698  delta_E= -2.22  |g|= 0.791  |ddm|= 6.11
    CPU time for cycle= 2      0.24 sec, wall time      0.01 sec
  HOMO = -0.597170747672786  LUMO = 0.164102115652557
  mo_energy =
[-15.6876796  -15.68416979  -1.46668634  -0.75559714  -0.61871751
  -0.61272894  -0.59717075   0.16410212   0.16672944   0.57942582
   0.80445121   0.84541893   0.8478473    0.98200533   1.03530509
   1.03794057   1.14286168   1.63097568   1.74664673   1.74665299
   1.87029017   1.87097504   2.28591165   2.28591317   2.86192171
   2.98354145   2.98394594   3.27850628]
E1 = -194.31168971155623  E_coul = 61.74506523623284
cycle= 3 E= -108.951248205027  delta_E= -0.158  |g|= 0.0843  |ddm|= 0.773
    CPU time for cycle= 3      0.29 sec, wall time      0.01 sec
  HOMO = -0.608638237212736  LUMO = 0.177108138029765
  mo_energy =
[-15.68271618 -15.67930799  -1.46968341  -0.77552544  -0.62612119
  -0.6088546   -0.60863824   0.17710814   0.17717046   0.59865865
   0.8265965    0.87593499   0.87674622   0.99779448   1.05344877
   1.05376202   1.14858945   1.6461343    1.7607893    1.76079099
   1.88522301   1.88533331   2.30232254   2.30232292   2.87793294
   2.99970653   2.99974889   3.28734679]
E1 = -194.18536458467838  E_coul = 61.615972776876035
cycle= 4 E= -108.954015537506  delta_E= -0.00277  |g|= 0.0145  |ddm|= 0.252
    CPU time for cycle= 4      0.29 sec, wall time      0.01 sec
  HOMO = -0.608598760495585  LUMO = 0.174863203093639
  mo_energy =
[-15.68822164 -15.684829    -1.47176329  -0.77461958  -0.62649389
  -0.60865462  -0.60859876   0.1748632    0.17487548   0.59417
   0.81981901   0.87152171   0.87155106   0.99167496   1.0502916
   1.05030587   1.14317976   1.64231674   1.75681551   1.75681557
   1.88095191   1.88095214   2.29806298   2.29806299   2.8733923
   2.99539204   2.9953987    3.28230698]
E1 = -194.22844401363946  E_coul = 61.65898193713079
cycle= 5 E= -108.954085806212  delta_E= -7.03e-05  |g|= 0.00152  |ddm|= 0.0196
    CPU time for cycle= 5      0.29 sec, wall time      0.01 sec
  HOMO = -0.608028763699951  LUMO = 0.175496487089854
  mo_energy =
[-15.6864911  -15.68309444  -1.47097655  -0.77413656  -0.62613111
  -0.60803717  -0.60802876   0.17549649   0.17549919   0.59452053
   0.82017158   0.87227664   0.87228552   0.9921857    1.05096332
   1.05096562   1.14392104   1.6428904    1.75747482   1.75747484
   1.88172483   1.88172706   2.29875423   2.29875424   2.8741382
   2.99612284   2.99612313   3.28313676]
E1 = -194.22502050999734  E_coul = 61.655557638759454
cycle= 6 E= -108.954086600941  delta_E= -7.95e-07  |g|= 0.000119  |ddm|= 0.00219
    CPU time for cycle= 6      0.29 sec, wall time      0.01 sec
  HOMO = -0.608023269887617  LUMO = 0.175490568452506
  mo_energy =
[-15.68653331 -15.68313687  -1.47097038  -0.77420163  -0.62620241
  -0.60802398  -0.60802327   0.17549057   0.17549105   0.5945363
   0.82020554   0.87230806   0.87230837   0.99220706   1.05097055
   1.05097083   1.14391895   1.64290112   1.75749747   1.75749747
   1.88172999   1.8817301    2.2987697    2.2987697    2.87413532
   2.99611871   2.99611884   3.28312478]
E1 = -194.2247240549042  E_coul = 61.65526117995447
cycle= 7 E= -108.954086604653  delta_E= -3.71e-09  |g|= 1.66e-05  |ddm|= 8.97e-05
    CPU time for cycle= 7      0.29 sec, wall time      0.01 sec
  HOMO = -0.608022711533724  LUMO = 0.175488758202287
  mo_energy =
[-15.6865327  -15.68313623  -1.47097143  -0.77420053  -0.62619961
  -0.60802284  -0.60802271   0.17548876   0.17548877   0.5945341
   0.82020336   0.87230535   0.87230536   0.99220613   1.05096935
   1.05096937   1.1439189    1.64289923   1.75749622   1.75749622
   1.88172884   1.88172886   2.29876793   2.29876793   2.87413344
   2.99611713   2.99611713   3.28312365]
E1 = -194.22473855961337  E_coul = 61.65527568457068
cycle= 8 E= -108.954086604746  delta_E= -9.3e-11  |g|= 1.48e-06  |ddm|= 6.89e-05
    CPU time for cycle= 8      0.28 sec, wall time      0.01 sec
  HOMO = -0.608023577898583  LUMO = 0.175488046196605
  mo_energy =
[-15.68653467 -15.6831382   -1.47097246  -0.77420107  -0.62620002
  -0.6080236   -0.60802358   0.17548805   0.17548805   0.59453363
   0.82020282   0.87230492   0.87230493   0.99220557   1.05096873
   1.05096874   1.14391808   1.64289867   1.75749553   1.75749553
   1.88172808   1.88172809   2.29876725   2.29876725   2.87413267
   2.9961164    2.9961164    3.28312268]
E1 = -194.22474232855382  E_coul = 61.655279453510495
Extra cycle  E= -108.954086604747  delta_E= -6.25e-13  |g|= 3.79e-07  |ddm|= 2.97e-06
    CPU time for scf_cycle      4.25 sec, wall time      0.17 sec
    CPU time for SCF      4.26 sec, wall time      0.17 sec
converged SCF energy = -108.954086604747
loop example
davidson 0 1  |r|= 5.06  e= [5.26482895]  max|de|= 5.26  lindep= 0.946
davidson 1 2  |r|= 2.83  e= [4.10881916]  max|de|= -1.16  lindep= 0.925
davidson 2 3  |r|= 2.29  e= [2.58925563]  max|de|= -1.52  lindep= 0.816
davidson 3 4  |r|= 0.86  e= [1.24819112]  max|de|= -1.34  lindep= 0.977
davidson 4 5  |r|= 0.42  e= [1.09853492]  max|de|= -0.15  lindep= 0.936
davidson 5 6  |r|= 0.276  e= [1.06236727]  max|de|= -0.0362  lindep= 0.918
davidson 6 7  |r|= 0.219  e= [1.03626483]  max|de|= -0.0261  lindep= 0.919
davidson 7 8  |r|= 0.0674  e= [1.02701937]  max|de|= -0.00925  lindep= 0.971
davidson 8 9  |r|= 0.0218  e= [1.02634103]  max|de|= -0.000678  lindep= 0.958
root 0 converged  |r|= 0.0069  e= 1.0262688283625927  max|de|= -7.22e-05
converged 9 10  |r|= 0.0069  e= [1.02626883]  max|de|= -7.22e-05
<class 'pyscf.scf.hf.RHF'> wavefunction is stable in the internal stability analysis
(28, 28)
(28, 28)
shape of numpy coeff rhf: (2, 28, 28)
total 2e- integral energy: 61.655279453510495
(28, 28, 28, 28)
final rhf/uhf energy: -108.95408660474678
moE: [-15.68653467 -15.6831382   -1.47097246  -0.77420107  -0.62620002
  -0.6080236   -0.60802358   0.17548805   0.17548805   0.59453363
   0.82020282   0.87230492   0.87230493   0.99220557   1.05096873
   1.05096874   1.14391808   1.64289867   1.75749553   1.75749553
   1.88172808   1.88172809   2.29876725   2.29876725   2.87413267
   2.9961164    2.9961164    3.28312268] [-15.68653467 -15.6831382   -1.47097246  -0.77420107  -0.62620002
  -0.6080236   -0.60802358   0.17548805   0.17548805   0.59453363
   0.82020282   0.87230492   0.87230493   0.99220557   1.05096873
   1.05096874   1.14391808   1.64289867   1.75749553   1.75749553
   1.88172808   1.88172809   2.29876725   2.29876725   2.87413267
   2.9961164    2.9961164    3.28312268]
slice(None, 7, None) slice(7, None, None)
eabij_aa: [[[[-0.03152183 -0.03152521 -0.05711517 ... -0.06001064 -0.06007617
    -0.06007617]
   [-0.03152521 -0.03152858 -0.05712625 ... -0.06002288 -0.06008843
    -0.06008843]
   [-0.05711517 -0.05712625 -0.30368175 ... -0.40847194 -0.41152735
    -0.41152735]
   ...
   [-0.06001064 -0.06002288 -0.40847194 ... -0.62368398 -0.63083534
    -0.63083535]
   [-0.06007617 -0.06008843 -0.41152735 ... -0.63083534 -0.63815261
    -0.63815262]
   [-0.06007617 -0.06008843 -0.41152735 ... -0.63083535 -0.63815262
    -0.63815263]]

  [[-0.03152183 -0.03152521 -0.05711517 ... -0.06001064 -0.06007617
    -0.06007617]
   [-0.03152521 -0.03152858 -0.05712625 ... -0.06002288 -0.06008843
    -0.06008843]
   [-0.05711517 -0.05712625 -0.30368175 ... -0.40847194 -0.41152735
    -0.41152735]
   ...
   [-0.06001064 -0.06002288 -0.40847194 ... -0.62368398 -0.63083534
    -0.63083535]
   [-0.06007617 -0.06008843 -0.41152735 ... -0.63083534 -0.63815261
    -0.63815262]
   [-0.06007617 -0.06008843 -0.41152735 ... -0.63083535 -0.63815262
    -0.63815262]]

  [[-0.03111088 -0.03111417 -0.05578014 ... -0.05853856 -0.05860092
    -0.05860092]
   [-0.03111417 -0.03111746 -0.05579071 ... -0.0585502  -0.05861258
    -0.05861258]
   [-0.05578014 -0.05579071 -0.26939898 ... -0.34877303 -0.35099817
    -0.35099817]
   ...
   [-0.05853856 -0.0585502  -0.34877303 ... -0.49445672 -0.49894092
    -0.49894093]
   [-0.05860092 -0.05861258 -0.35099817 ... -0.49894092 -0.50350721
    -0.50350722]
   [-0.05860092 -0.05861258 -0.35099817 ... -0.49894093 -0.50350722
    -0.50350722]]

  ...

  [[-0.02894802 -0.02895087 -0.04919054 ... -0.05132327 -0.05137119
    -0.05137119]
   [-0.02895087 -0.02895372 -0.04919876 ... -0.05133222 -0.05138016
    -0.05138016]
   [-0.04919054 -0.04919876 -0.1635711  ... -0.18979737 -0.19045441
    -0.19045441]
   ...
   [-0.05132327 -0.05133222 -0.18979737 ... -0.22603955 -0.22697209
    -0.22697209]
   [-0.05137119 -0.05138016 -0.19045441 ... -0.22697209 -0.22791235
    -0.22791235]
   [-0.05137119 -0.05138016 -0.19045441 ... -0.22697209 -0.22791235
    -0.22791235]]

  [[-0.02894802 -0.02895087 -0.04919054 ... -0.05132327 -0.05137119
    -0.05137119]
   [-0.02895087 -0.02895372 -0.04919876 ... -0.05133222 -0.05138016
    -0.05138016]
   [-0.04919054 -0.04919876 -0.1635711  ... -0.18979737 -0.19045441
    -0.19045441]
   ...
   [-0.05132327 -0.05133222 -0.18979737 ... -0.22603955 -0.22697209
    -0.22697209]
   [-0.05137119 -0.05138016 -0.19045441 ... -0.22697209 -0.22791235
    -0.22791235]
   [-0.05137119 -0.05138016 -0.19045441 ... -0.22697209 -0.22791235
    -0.22791235]]

  [[-0.0287095  -0.0287123  -0.04850574 ... -0.05057825 -0.05062479
    -0.05062479]
   [-0.0287123  -0.0287151  -0.04851373 ... -0.05058694 -0.05063349
    -0.05063349]
   [-0.04850574 -0.04851373 -0.15623644 ... -0.17999262 -0.18058343
    -0.18058343]
   ...
   [-0.05057825 -0.05058694 -0.17999262 ... -0.21226867 -0.21309084
    -0.21309084]
   [-0.05062479 -0.05063349 -0.18058343 ... -0.21309084 -0.2139194
    -0.2139194 ]
   [-0.05062479 -0.05063349 -0.18058343 ... -0.21309084 -0.2139194
    -0.2139194 ]]]


 [[[-0.03152183 -0.03152521 -0.05711517 ... -0.06001064 -0.06007617
    -0.06007617]
   [-0.03152521 -0.03152858 -0.05712625 ... -0.06002288 -0.06008843
    -0.06008843]
   [-0.05711517 -0.05712625 -0.30368175 ... -0.40847194 -0.41152735
    -0.41152735]
   ...
   [-0.06001064 -0.06002288 -0.40847194 ... -0.62368398 -0.63083534
    -0.63083535]
   [-0.06007617 -0.06008843 -0.41152735 ... -0.63083534 -0.63815261
    -0.63815262]
   [-0.06007617 -0.06008843 -0.41152735 ... -0.63083535 -0.63815262
    -0.63815262]]

  [[-0.03152183 -0.03152521 -0.05711517 ... -0.06001064 -0.06007617
    -0.06007617]
   [-0.03152521 -0.03152858 -0.05712625 ... -0.06002288 -0.06008843
    -0.06008843]
   [-0.05711517 -0.05712625 -0.30368174 ... -0.40847194 -0.41152735
    -0.41152735]
   ...
   [-0.06001064 -0.06002288 -0.40847194 ... -0.62368398 -0.63083534
    -0.63083535]
   [-0.06007617 -0.06008843 -0.41152735 ... -0.63083534 -0.63815261
    -0.63815261]
   [-0.06007617 -0.06008843 -0.41152735 ... -0.63083535 -0.63815261
    -0.63815262]]

  [[-0.03111088 -0.03111417 -0.05578014 ... -0.05853856 -0.05860092
    -0.05860092]
   [-0.03111417 -0.03111746 -0.05579071 ... -0.0585502  -0.05861258
    -0.05861258]
   [-0.05578014 -0.05579071 -0.26939898 ... -0.34877303 -0.35099817
    -0.35099817]
   ...
   [-0.05853856 -0.0585502  -0.34877303 ... -0.49445672 -0.49894092
    -0.49894093]
   [-0.05860092 -0.05861258 -0.35099817 ... -0.49894092 -0.50350721
    -0.50350721]
   [-0.05860092 -0.05861258 -0.35099817 ... -0.49894093 -0.50350721
    -0.50350722]]

  ...

  [[-0.02894802 -0.02895087 -0.04919054 ... -0.05132327 -0.05137119
    -0.05137119]
   [-0.02895087 -0.02895372 -0.04919876 ... -0.05133222 -0.05138016
    -0.05138016]
   [-0.04919054 -0.04919876 -0.1635711  ... -0.18979737 -0.19045441
    -0.19045441]
   ...
   [-0.05132327 -0.05133222 -0.18979737 ... -0.22603955 -0.22697209
    -0.22697209]
   [-0.05137119 -0.05138016 -0.19045441 ... -0.22697209 -0.22791235
    -0.22791235]
   [-0.05137119 -0.05138016 -0.19045441 ... -0.22697209 -0.22791235
    -0.22791235]]

  [[-0.02894802 -0.02895087 -0.04919054 ... -0.05132327 -0.05137119
    -0.05137119]
   [-0.02895087 -0.02895372 -0.04919876 ... -0.05133222 -0.05138016
    -0.05138016]
   [-0.04919054 -0.04919876 -0.1635711  ... -0.18979737 -0.19045441
    -0.19045441]
   ...
   [-0.05132327 -0.05133222 -0.18979737 ... -0.22603955 -0.22697209
    -0.22697209]
   [-0.05137119 -0.05138016 -0.19045441 ... -0.22697209 -0.22791235
    -0.22791235]
   [-0.05137119 -0.05138016 -0.19045441 ... -0.22697209 -0.22791235
    -0.22791235]]

  [[-0.0287095  -0.0287123  -0.04850574 ... -0.05057825 -0.05062479
    -0.05062479]
   [-0.0287123  -0.0287151  -0.04851373 ... -0.05058694 -0.05063349
    -0.05063349]
   [-0.04850574 -0.04851373 -0.15623644 ... -0.17999262 -0.18058343
    -0.18058343]
   ...
   [-0.05057825 -0.05058694 -0.17999262 ... -0.21226867 -0.21309084
    -0.21309084]
   [-0.05062479 -0.05063349 -0.18058343 ... -0.21309084 -0.2139194
    -0.2139194 ]
   [-0.05062479 -0.05063349 -0.18058343 ... -0.21309084 -0.2139194
    -0.2139194 ]]]


 [[[-0.03111088 -0.03111417 -0.05578014 ... -0.05853856 -0.05860092
    -0.05860092]
   [-0.03111417 -0.03111746 -0.05579071 ... -0.0585502  -0.05861258
    -0.05861258]
   [-0.05578014 -0.05579071 -0.26939898 ... -0.34877303 -0.35099817
    -0.35099817]
   ...
   [-0.05853856 -0.0585502  -0.34877303 ... -0.49445672 -0.49894092
    -0.49894093]
   [-0.05860092 -0.05861258 -0.35099817 ... -0.49894092 -0.50350721
    -0.50350722]
   [-0.05860092 -0.05861258 -0.35099817 ... -0.49894093 -0.50350722
    -0.50350722]]

  [[-0.03111088 -0.03111417 -0.05578014 ... -0.05853856 -0.05860092
    -0.05860092]
   [-0.03111417 -0.03111746 -0.05579071 ... -0.0585502  -0.05861258
    -0.05861258]
   [-0.05578014 -0.05579071 -0.26939898 ... -0.34877303 -0.35099817
    -0.35099817]
   ...
   [-0.05853856 -0.0585502  -0.34877303 ... -0.49445672 -0.49894092
    -0.49894093]
   [-0.05860092 -0.05861258 -0.35099817 ... -0.49894092 -0.50350721
    -0.50350721]
   [-0.05860092 -0.05861258 -0.35099817 ... -0.49894093 -0.50350721
    -0.50350722]]

  [[-0.03071052 -0.03071372 -0.05450609 ... -0.05713697 -0.05719637
    -0.05719637]
   [-0.03071372 -0.03071692 -0.05451618 ... -0.05714806 -0.05720749
    -0.05720749]
   [-0.05450609 -0.05451618 -0.24207142 ... -0.30429916 -0.30599162
    -0.30599162]
   ...
   [-0.05713697 -0.05714806 -0.30429916 ... -0.40958976 -0.41266197
    -0.41266198]
   [-0.05719637 -0.05720749 -0.30599162 ... -0.41266197 -0.41578063
    -0.41578063]
   [-0.05719637 -0.05720749 -0.30599162 ... -0.41266198 -0.41578063
    -0.41578063]]

  ...

  [[-0.02860108 -0.02860385 -0.04819705 ... -0.05024271 -0.05028864
    -0.05028864]
   [-0.02860385 -0.02860663 -0.04820494 ... -0.05025129 -0.05029723
    -0.05029723]
   [-0.04819705 -0.04820494 -0.15307852 ... -0.17581421 -0.17637785
    -0.17637785]
   ...
   [-0.05024271 -0.05025129 -0.17581421 ... -0.20648145 -0.20725931
    -0.20725931]
   [-0.05028864 -0.05029723 -0.17637785 ... -0.20725931 -0.20804306
    -0.20804306]
   [-0.05028864 -0.05029723 -0.17637785 ... -0.20725931 -0.20804306
    -0.20804306]]

  [[-0.02860108 -0.02860385 -0.04819705 ... -0.05024271 -0.05028864
    -0.05028864]
   [-0.02860385 -0.02860663 -0.04820494 ... -0.05025129 -0.05029723
    -0.05029723]
   [-0.04819705 -0.04820494 -0.15307852 ... -0.17581421 -0.17637785
    -0.17637785]
   ...
   [-0.05024271 -0.05025129 -0.17581421 ... -0.20648145 -0.20725931
    -0.20725931]
   [-0.05028864 -0.05029723 -0.17637785 ... -0.20725931 -0.20804306
    -0.20804306]
   [-0.05028864 -0.05029723 -0.17637785 ... -0.20725931 -0.20804306
    -0.20804306]]

  [[-0.02836821 -0.02837094 -0.04753945 ... -0.04952851 -0.04957314
    -0.04957314]
   [-0.02837094 -0.02837368 -0.04754712 ... -0.04953684 -0.04958149
    -0.04958149]
   [-0.04753945 -0.04754712 -0.14663614 ... -0.16736881 -0.16787953
    -0.16787953]
   ...
   [-0.04952851 -0.04953684 -0.16736881 ... -0.19492963 -0.19562275
    -0.19562275]
   [-0.04957314 -0.04958149 -0.16787953 ... -0.19562275 -0.19632081
    -0.19632081]
   [-0.04957314 -0.04958149 -0.16787953 ... -0.19562275 -0.19632081
    -0.19632081]]]


 ...


 [[[-0.02894802 -0.02895087 -0.04919054 ... -0.05132327 -0.05137119
    -0.05137119]
   [-0.02895087 -0.02895372 -0.04919876 ... -0.05133222 -0.05138016
    -0.05138016]
   [-0.04919054 -0.04919876 -0.1635711  ... -0.18979737 -0.19045441
    -0.19045441]
   ...
   [-0.05132327 -0.05133222 -0.18979737 ... -0.22603955 -0.22697209
    -0.22697209]
   [-0.05137119 -0.05138016 -0.19045441 ... -0.22697209 -0.22791235
    -0.22791235]
   [-0.05137119 -0.05138016 -0.19045441 ... -0.22697209 -0.22791235
    -0.22791235]]

  [[-0.02894802 -0.02895087 -0.04919054 ... -0.05132327 -0.05137119
    -0.05137119]
   [-0.02895087 -0.02895372 -0.04919876 ... -0.05133222 -0.05138016
    -0.05138016]
   [-0.04919054 -0.04919876 -0.1635711  ... -0.18979737 -0.19045441
    -0.19045441]
   ...
   [-0.05132327 -0.05133222 -0.18979737 ... -0.22603955 -0.22697209
    -0.22697209]
   [-0.05137119 -0.05138016 -0.19045441 ... -0.22697209 -0.22791235
    -0.22791235]
   [-0.05137119 -0.05138016 -0.19045441 ... -0.22697209 -0.22791235
    -0.22791235]]

  [[-0.02860108 -0.02860385 -0.04819705 ... -0.05024271 -0.05028864
    -0.05028864]
   [-0.02860385 -0.02860663 -0.04820494 ... -0.05025129 -0.05029723
    -0.05029723]
   [-0.04819705 -0.04820494 -0.15307852 ... -0.17581421 -0.17637785
    -0.17637785]
   ...
   [-0.05024271 -0.05025129 -0.17581421 ... -0.20648145 -0.20725931
    -0.20725931]
   [-0.05028864 -0.05029723 -0.17637785 ... -0.20725931 -0.20804306
    -0.20804306]
   [-0.05028864 -0.05029723 -0.17637785 ... -0.20725931 -0.20804306
    -0.20804306]]

  ...

  [[-0.0267628  -0.02676523 -0.04319703 ... -0.04483306 -0.04486963
    -0.04486963]
   [-0.02676523 -0.02676766 -0.04320337 ... -0.04483989 -0.04487647
    -0.04487647]
   [-0.04319703 -0.04320337 -0.11192972 ... -0.12361848 -0.12389687
    -0.12389687]
   ...
   [-0.04483306 -0.04483989 -0.12361848 ... -0.13803322 -0.13838041
    -0.13838041]
   [-0.04486963 -0.04487647 -0.12389687 ... -0.13838041 -0.13872935
    -0.13872935]
   [-0.04486963 -0.04487647 -0.12389687 ... -0.13838041 -0.13872935
    -0.13872935]]

  [[-0.0267628  -0.02676523 -0.04319703 ... -0.04483306 -0.04486963
    -0.04486963]
   [-0.02676523 -0.02676766 -0.04320337 ... -0.04483989 -0.04487647
    -0.04487647]
   [-0.04319703 -0.04320337 -0.11192972 ... -0.12361848 -0.12389687
    -0.12389687]
   ...
   [-0.04483306 -0.04483989 -0.12361848 ... -0.13803322 -0.13838041
    -0.13838041]
   [-0.04486963 -0.04487647 -0.12389687 ... -0.13838041 -0.13872935
    -0.13872935]
   [-0.04486963 -0.04487647 -0.12389687 ... -0.13838041 -0.13872935
    -0.13872935]]

  [[-0.0265588  -0.02656119 -0.04266804 ... -0.04426351 -0.04429915
    -0.04429915]
   [-0.02656119 -0.02656359 -0.04267422 ... -0.04427016 -0.04430581
    -0.04430581]
   [-0.04266804 -0.04267422 -0.10844594 ... -0.11938286 -0.11964248
    -0.11964248]
   ...
   [-0.04426351 -0.04427016 -0.11938286 ... -0.13277322 -0.13309443
    -0.13309443]
   [-0.04429915 -0.04430581 -0.11964248 ... -0.13309443 -0.13341719
    -0.13341719]
   [-0.04429915 -0.04430581 -0.11964248 ... -0.13309443 -0.13341719
    -0.13341719]]]


 [[[-0.02894802 -0.02895087 -0.04919054 ... -0.05132327 -0.05137119
    -0.05137119]
   [-0.02895087 -0.02895372 -0.04919876 ... -0.05133222 -0.05138016
    -0.05138016]
   [-0.04919054 -0.04919876 -0.1635711  ... -0.18979737 -0.19045441
    -0.19045441]
   ...
   [-0.05132327 -0.05133222 -0.18979737 ... -0.22603955 -0.22697209
    -0.22697209]
   [-0.05137119 -0.05138016 -0.19045441 ... -0.22697209 -0.22791235
    -0.22791235]
   [-0.05137119 -0.05138016 -0.19045441 ... -0.22697209 -0.22791235
    -0.22791235]]

  [[-0.02894802 -0.02895087 -0.04919054 ... -0.05132327 -0.05137119
    -0.05137119]
   [-0.02895087 -0.02895372 -0.04919876 ... -0.05133222 -0.05138016
    -0.05138016]
   [-0.04919054 -0.04919876 -0.1635711  ... -0.18979737 -0.19045441
    -0.19045441]
   ...
   [-0.05132327 -0.05133222 -0.18979737 ... -0.22603955 -0.22697209
    -0.22697209]
   [-0.05137119 -0.05138016 -0.19045441 ... -0.22697209 -0.22791235
    -0.22791235]
   [-0.05137119 -0.05138016 -0.19045441 ... -0.22697209 -0.22791235
    -0.22791235]]

  [[-0.02860108 -0.02860385 -0.04819705 ... -0.05024271 -0.05028864
    -0.05028864]
   [-0.02860385 -0.02860663 -0.04820494 ... -0.05025129 -0.05029723
    -0.05029723]
   [-0.04819705 -0.04820494 -0.15307852 ... -0.17581421 -0.17637785
    -0.17637785]
   ...
   [-0.05024271 -0.05025129 -0.17581421 ... -0.20648145 -0.20725931
    -0.20725931]
   [-0.05028864 -0.05029723 -0.17637785 ... -0.20725931 -0.20804306
    -0.20804306]
   [-0.05028864 -0.05029723 -0.17637785 ... -0.20725931 -0.20804306
    -0.20804306]]

  ...

  [[-0.0267628  -0.02676523 -0.04319703 ... -0.04483306 -0.04486963
    -0.04486963]
   [-0.02676523 -0.02676766 -0.04320337 ... -0.04483989 -0.04487647
    -0.04487647]
   [-0.04319703 -0.04320337 -0.11192972 ... -0.12361848 -0.12389687
    -0.12389687]
   ...
   [-0.04483306 -0.04483989 -0.12361848 ... -0.13803322 -0.13838041
    -0.13838041]
   [-0.04486963 -0.04487647 -0.12389687 ... -0.13838041 -0.13872935
    -0.13872935]
   [-0.04486963 -0.04487647 -0.12389687 ... -0.13838041 -0.13872935
    -0.13872935]]

  [[-0.0267628  -0.02676523 -0.04319703 ... -0.04483306 -0.04486963
    -0.04486963]
   [-0.02676523 -0.02676766 -0.04320337 ... -0.04483989 -0.04487647
    -0.04487647]
   [-0.04319703 -0.04320337 -0.11192972 ... -0.12361848 -0.12389687
    -0.12389687]
   ...
   [-0.04483306 -0.04483989 -0.12361848 ... -0.13803322 -0.13838041
    -0.13838041]
   [-0.04486963 -0.04487647 -0.12389687 ... -0.13838041 -0.13872935
    -0.13872935]
   [-0.04486963 -0.04487647 -0.12389687 ... -0.13838041 -0.13872935
    -0.13872935]]

  [[-0.0265588  -0.02656119 -0.04266804 ... -0.04426351 -0.04429915
    -0.04429915]
   [-0.02656119 -0.02656359 -0.04267422 ... -0.04427016 -0.04430581
    -0.04430581]
   [-0.04266804 -0.04267422 -0.10844594 ... -0.11938286 -0.11964248
    -0.11964248]
   ...
   [-0.04426351 -0.04427016 -0.11938286 ... -0.13277322 -0.13309443
    -0.13309443]
   [-0.04429915 -0.04430581 -0.11964248 ... -0.13309443 -0.13341719
    -0.13341719]
   [-0.04429915 -0.04430581 -0.11964248 ... -0.13309443 -0.13341719
    -0.13341719]]]


 [[[-0.0287095  -0.0287123  -0.04850574 ... -0.05057825 -0.05062479
    -0.05062479]
   [-0.0287123  -0.0287151  -0.04851373 ... -0.05058694 -0.05063349
    -0.05063349]
   [-0.04850574 -0.04851373 -0.15623644 ... -0.17999262 -0.18058343
    -0.18058343]
   ...
   [-0.05057825 -0.05058694 -0.17999262 ... -0.21226867 -0.21309084
    -0.21309084]
   [-0.05062479 -0.05063349 -0.18058343 ... -0.21309084 -0.2139194
    -0.2139194 ]
   [-0.05062479 -0.05063349 -0.18058343 ... -0.21309084 -0.2139194
    -0.2139194 ]]

  [[-0.0287095  -0.0287123  -0.04850574 ... -0.05057825 -0.05062479
    -0.05062479]
   [-0.0287123  -0.0287151  -0.04851373 ... -0.05058694 -0.05063349
    -0.05063349]
   [-0.04850574 -0.04851373 -0.15623644 ... -0.17999262 -0.18058343
    -0.18058343]
   ...
   [-0.05057825 -0.05058694 -0.17999262 ... -0.21226867 -0.21309084
    -0.21309084]
   [-0.05062479 -0.05063349 -0.18058343 ... -0.21309084 -0.2139194
    -0.2139194 ]
   [-0.05062479 -0.05063349 -0.18058343 ... -0.21309084 -0.2139194
    -0.2139194 ]]

  [[-0.02836821 -0.02837094 -0.04753945 ... -0.04952851 -0.04957314
    -0.04957314]
   [-0.02837094 -0.02837368 -0.04754712 ... -0.04953684 -0.04958149
    -0.04958149]
   [-0.04753945 -0.04754712 -0.14663614 ... -0.16736881 -0.16787953
    -0.16787953]
   ...
   [-0.04952851 -0.04953684 -0.16736881 ... -0.19492963 -0.19562275
    -0.19562275]
   [-0.04957314 -0.04958149 -0.16787953 ... -0.19562275 -0.19632081
    -0.19632081]
   [-0.04957314 -0.04958149 -0.16787953 ... -0.19562275 -0.19632081
    -0.19632081]]

  ...

  [[-0.0265588  -0.02656119 -0.04266804 ... -0.04426351 -0.04429915
    -0.04429915]
   [-0.02656119 -0.02656359 -0.04267422 ... -0.04427016 -0.04430581
    -0.04430581]
   [-0.04266804 -0.04267422 -0.10844594 ... -0.11938286 -0.11964248
    -0.11964248]
   ...
   [-0.04426351 -0.04427016 -0.11938286 ... -0.13277322 -0.13309443
    -0.13309443]
   [-0.04429915 -0.04430581 -0.11964248 ... -0.13309443 -0.13341719
    -0.13341719]
   [-0.04429915 -0.04430581 -0.11964248 ... -0.13309443 -0.13341719
    -0.13341719]]

  [[-0.0265588  -0.02656119 -0.04266804 ... -0.04426351 -0.04429915
    -0.04429915]
   [-0.02656119 -0.02656359 -0.04267422 ... -0.04427016 -0.04430581
    -0.04430581]
   [-0.04266804 -0.04267422 -0.10844594 ... -0.11938286 -0.11964248
    -0.11964248]
   ...
   [-0.04426351 -0.04427016 -0.11938286 ... -0.13277322 -0.13309443
    -0.13309443]
   [-0.04429915 -0.04430581 -0.11964248 ... -0.13309443 -0.13341719
    -0.13341719]
   [-0.04429915 -0.04430581 -0.11964248 ... -0.13309443 -0.13341719
    -0.13341719]]

  [[-0.02635788 -0.02636024 -0.04215185 ... -0.04370824 -0.04374299
    -0.04374299]
   [-0.02636024 -0.0263626  -0.04215788 ... -0.04371473 -0.04374949
    -0.04374949]
   [-0.04215185 -0.04215788 -0.10517249 ... -0.11542789 -0.11567057
    -0.11567057]
   ...
   [-0.04370824 -0.04371473 -0.11542789 ... -0.12789939 -0.12819742
    -0.12819742]
   [-0.04374299 -0.04374949 -0.11567057 ... -0.12819742 -0.12849684
    -0.12849684]
   [-0.04374299 -0.04374949 -0.11567057 ... -0.12819742 -0.12849684
    -0.12849684]]]] (21, 21, 7, 7)
hf energy: -108.95408660474692
nuclear repulsion: 23.615376270296395
(28, 28, 28, 28)
mp2aaaa/bbbbE: 0.0 0.0 0.0
initial energy: -132.56946287504317
    ==> CCSDT amplitude equations <==

     Iter              Corr. Energy                 |dE|    |dT|

there zww hi
still here
hi
mp2aaaa/bbbbE: -0.04156747063619826 -0.04156747063619826 -0.22755170939771002
        0      -0.310686650670       0.310686650670       2.469377787980

there zww hi
still here
hi
mp2aaaa/bbbbE: -0.03491515179051511 -0.03491515179051511 -0.22993119959106145
        1      -0.299761503172       0.010925147498       2.323007644026

there zww hi
still here
hi
mp2aaaa/bbbbE: -0.034766263485770665 -0.03476626348577068 -0.2390621212400978
        2      -0.308594648211       0.008833145039       2.350876496941

there zww hi
still here
hi
mp2aaaa/bbbbE: -0.034147760696734884 -0.034147760696734884 -0.24077935364223604
        3      -0.309074875036       0.000480226824       2.342212995261

there zww hi
still here
hi
mp2aaaa/bbbbE: -0.03393672375801856 -0.033936723758018546 -0.24182991185506494
        4      -0.309703359371       0.000628484335       2.341163464298

there zww hi
still here
hi
mp2aaaa/bbbbE: -0.03366586148737817 -0.033665861487378164 -0.24279215175971353
        5      -0.310123874734       0.000420515363       2.340088606447

there zww hi
still here
hi
mp2aaaa/bbbbE: -0.03368197373851669 -0.033681973738516675 -0.24276029845865324
        6      -0.310124245935       0.000000371201       2.339146580112

there zww hi
still here
hi
mp2aaaa/bbbbE: -0.03368084261134428 -0.03368084261134427 -0.24274485060197254
        7      -0.310106535825       0.000017710111       2.339145441942

there zww hi
still here
hi
mp2aaaa/bbbbE: -0.0336808588039129 -0.033680858803912896 -0.24274599176009226
        8      -0.310107709368       0.000001173543       2.339159310678

there zww hi
still here
hi
mp2aaaa/bbbbE: -0.0336808599100378 -0.03368085991003779 -0.24274592019851107
        9      -0.310107640019       0.000000069349       2.339159740548

there zww hi
still here
hi
mp2aaaa/bbbbE: -0.03368085233113449 -0.03368085233113448 -0.2427459289744642
       10      -0.310107633637       0.000000006382       2.339159488762

there zww hi
still here
hi
mp2aaaa/bbbbE: -0.033680851399927624 -0.03368085139992761 -0.24274593101194059
       11      -0.310107633812       0.000000000175       2.339159467494

there zww hi
still here
hi
mp2aaaa/bbbbE: -0.033680851541857196 -0.03368085154185718 -0.242745931108822
       12      -0.310107634192       0.000000000381       2.339159463974

there zww hi
still here
hi
mp2aaaa/bbbbE: -0.033680851442622194 -0.03368085144262219 -0.2427459311907678
       13      -0.310107634076       0.000000000117       2.339159462507

there zww hi
still here
hi
mp2aaaa/bbbbE: -0.033680851435007556 -0.03368085143500755 -0.2427459311845649
       14      -0.310107634054       0.000000000021       2.339159462205

there zww hi
still here
hi
mp2aaaa/bbbbE: -0.033680851437109235 -0.03368085143710924 -0.24274593118725765
       15      -0.310107634061       0.000000000007       2.339159462199

there zww hi
still here
hi
mp2aaaa/bbbbE: -0.03368085143730986 -0.033680851437309846 -0.2427459311868306
       16      -0.310107634061       0.000000000000       2.339159462192








Final, total correlated energy: -109.26419423880824
Final CCD correlation contribution: -0.3101076340613247
