#INFO: **** input file is /blue/bartlett/z.windom/MOLSSI_develop/test/build_T2_interfaces/RECORDS/verify_spin_CCD/pyscfCode/N2_equil_RHF/run_pyscf.py ****
import numpy as np
import pyscf
from pyscf import ao2mo


def main():
    """ Initialize calculation details, 2e- integrals, Fock matrix, etc """

    # run pyscf for some reason
    basis = 'ccpvdz'
    mol = pyscf.M(
        atom='N 0 0 0; N 0 0 {}'.format(9.000), #2.0749193),
        #atom='Be 0 0 0'
        verbose=5,
        unit='b',
        basis=basis)



    mf = mol.RHF()
    mf.run()

    from pyscf.lib import logger

    def stable_opt_internal(mf):
        log = logger.new_logger(mf)
        mo1, _, stable, _ = mf.stability(return_status=True)
        cyc = 0
        while (not stable and cyc < 10):
            log.note('Try to optimize orbitals until stable, attempt %d' % cyc)
            dm1 = mf.make_rdm1(mo1, mf.mo_occ)
            mf = mf.run(dm1)
            mo1, _, stable, _ = mf.stability(return_status=True)
            cyc += 1
        if not stable:
            log.note('Stability Opt failed after %d attempts' % cyc)
        return mf
    print('loop example')
    mf = stable_opt_internal(mf)

    orb=mf.mo_coeff
    print(np.shape(mf.get_hcore()))
    print(np.shape(orb))
    import run_ccd as run_ccd 
 
    run_ccd.ccd_main(mf,mol,orb)


main()
#INFO: ******************** input file end ********************


System: uname_result(system='Linux', node='login2.ufhpc', release='3.10.0-1160.80.1.el7.x86_64', version='#1 SMP Sat Oct 8 18:13:21 UTC 2022', machine='x86_64', processor='x86_64')  Threads 32
Python 3.7.12 | packaged by conda-forge | (default, Oct 26 2021, 06:08:21) 
[GCC 9.4.0]
numpy 1.21.6  scipy 1.7.3
Date: Sat Jan 28 00:45:48 2023
PySCF version 2.1.1
PySCF path  /blue/bartlett/z.windom/MOLSSI_develop/T2method/new/pyscf
GIT ORIG_HEAD 41535e74b1de6eb21fc9b6a13c089d6cd55b35d7
GIT HEAD (branch master) ff882f83f5730ea5610d52cc5b88d278f9b71da7

[ENV] PYSCF_INC_DIR /home/z.windom/libxc-4.3.4
[CONFIG] conf_file /home/z.windom/.pyscf_conf.py
[INPUT] verbose = 5
[INPUT] max_memory = 4000 
[INPUT] num. atoms = 2
[INPUT] num. electrons = 14
[INPUT] charge = 0
[INPUT] spin (= nelec alpha-beta = 2S) = 0
[INPUT] symmetry False subgroup None
[INPUT] Mole.unit = b
[INPUT] Symbol           X                Y                Z      unit          X                Y                Z       unit  Magmom
[INPUT]  1 N      0.000000000000   0.000000000000   0.000000000000 AA    0.000000000000   0.000000000000   0.000000000000 Bohr   0.0
[INPUT]  2 N      0.000000000000   0.000000000000   4.762594898280 AA    0.000000000000   0.000000000000   9.000000000000 Bohr   0.0
[INPUT] ---------------- BASIS SET ---------------- 
[INPUT] l, kappa, [nprim/nctr], expnt,             c_1 c_2 ...
[INPUT] N
[INPUT] 0    0    [8    /2   ]  9046              0.0007 -0.000153
                                1357              0.005389 -0.001208
                                309.3             0.027406 -0.005992
                                87.73             0.103207 -0.024544
                                28.56             0.278723 -0.067459
                                10.21             0.44854 -0.158078
                                3.838             0.278238 -0.121831
                                0.7466            0.01544 0.549003
[INPUT] 0    0    [1    /1   ]  0.2248               1
[INPUT] 1    0    [3    /1   ]  13.55             0.039919
                                2.917             0.217169
                                0.7973            0.510319
[INPUT] 1    0    [1    /1   ]  0.2185               1
[INPUT] 2    0    [1    /1   ]  0.817                1

nuclear repulsion = 5.44444444444444
number of shells = 10
number of NR pGTOs = 52
number of NR cGTOs = 28
basis = ccpvdz
ecp = {}
CPU time:         4.15


******** <class 'pyscf.scf.hf.RHF'> ********
method = RHF
initial guess = minao
damping factor = 0
level_shift factor = 0
DIIS = <class 'pyscf.scf.diis.CDIIS'>
diis_start_cycle = 1
diis_space = 8
SCF conv_tol = 1e-09
SCF conv_tol_grad = None
SCF max_cycles = 50
direct_scf = True
direct_scf_tol = 1e-13
chkfile to save SCF result = /blue/bartlett/z.windom/MOLSSI_develop/test/build_T2_interfaces/RECORDS/verify_spin_CCD/pyscfCode/N2_equil_RHF/tmpjjwoh30r
max_memory 4000 MB (current use 85 MB)
Set gradient conv threshold to 3.16228e-05
E1 = -159.30015903445104  E_coul = 46.29318861448336
init E= -107.562525975523
cond(S) = 9.227651591459802
    CPU time for initialize scf      0.82 sec, wall time      0.06 sec

WARN: HOMO -0.160867565133052 == LUMO -0.160691503980514

  mo_energy =
[-15.55054377 -15.5505436   -0.91590321  -0.91563285  -0.16195633
  -0.16086757  -0.16086757  -0.1606915   -0.1606915   -0.15962303
   0.98322629   0.98819528   0.98819528   0.98889902   0.98889902
   0.99377638   1.06517529   1.06664158   2.07534547   2.07535095
   2.07535095   2.0753548    2.0753548    2.07535642   2.07535642
   2.07535684   2.07535684   2.07535747]
E1 = -156.94614991114278  E_coul = 43.68628322820588
cycle= 1 E= -107.815422238492  delta_E= -0.253  |g|= 0.207  |ddm|= 1.69
    CPU time for cycle= 1      0.19 sec, wall time      0.01 sec
  HOMO = -0.316495414935101  LUMO = -0.206866311285793
  mo_energy =
[-15.88377462 -15.88375376  -1.0386185   -1.03509771  -0.3193721
  -0.31649541  -0.31649541  -0.20686631  -0.20686631  -0.2034196
   0.89584312   0.90083317   0.90083317   0.90176247   0.90176247
   0.90701347   0.97892028   0.98209162   1.97090573   1.9710023
   1.9710023    1.97123174   1.97123174   1.97209931   1.97209931
   1.9723474    1.9723474    1.97245582]
E1 = -157.83212884852108  E_coul = 44.562489859929244
cycle= 2 E= -107.825194544147  delta_E= -0.00977  |g|= 0.0586  |ddm|= 0.264
    CPU time for cycle= 2      0.23 sec, wall time      0.01 sec
  HOMO = -0.286917386489169  LUMO = -0.177125113040875
  mo_energy =
[-15.78982254 -15.7898002   -1.00789407  -1.00433807  -0.28982036
  -0.28691739  -0.28691739  -0.17712511  -0.17712511  -0.17348243
   0.92219943   0.92694705   0.92694705   0.92780128   0.92780128
   0.93307995   1.00048708   1.00350482   2.00088294   2.00098454
   2.00098454   2.00122411   2.00122411   2.0020867    2.0020867
   2.0023364    2.0023364    2.00244649]
E1 = -157.6231444299187  E_coul = 44.352493482959765
cycle= 3 E= -107.826206502514  delta_E= -0.00101  |g|= 0.00568  |ddm|= 0.0598
    CPU time for cycle= 3      0.18 sec, wall time      0.01 sec
  HOMO = -0.286825680482411  LUMO = -0.17698783224137
  mo_energy =
[-15.79003611 -15.79001391  -1.00910933  -1.00549179  -0.28972518
  -0.28682568  -0.28682568  -0.17698783  -0.17698783  -0.17317393
   0.92239851   0.92708689   0.92708689   0.92790892   0.92790892
   0.93327233   0.99966928   1.00270998   2.00080961   2.0009147
   2.0009147    2.00116085   2.00116085   2.00202449   2.00202449
   2.00227801   2.00227801   2.00239064]
E1 = -157.6251015501983  E_coul = 44.354437765242125
cycle= 4 E= -107.826219340512  delta_E= -1.28e-05  |g|= 0.000371  |ddm|= 0.00937
    CPU time for cycle= 4      0.18 sec, wall time      0.01 sec
  HOMO = -0.286832703775914  LUMO = -0.177005279934014
  mo_energy =
[-15.79006529 -15.7900431   -1.00906715  -1.00544162  -0.28973718
  -0.2868327   -0.2868327   -0.17700528  -0.17700528  -0.17318652
   0.92234269   0.92702741   0.92702741   0.92786075   0.92786075
   0.93323062   0.999643     1.00268052   2.00077785   2.00088306
   2.00088306   2.00112948   2.00112948   2.00199302   2.00199302
   2.00224624   2.00224624   2.00235874]
E1 = -157.6252181877212  E_coul = 44.35455434754859
cycle= 5 E= -107.826219395728  delta_E= -5.52e-08  |g|= 4.21e-05  |ddm|= 0.000477
    CPU time for cycle= 5      0.18 sec, wall time      0.01 sec
  HOMO = -0.286839360463578  LUMO = -0.177009341374995
  mo_energy =
[-15.79007494 -15.79005274  -1.00906791  -1.00544291  -0.28974364
  -0.28683936  -0.28683936  -0.17700934  -0.17700934  -0.1731895
   0.92234943   0.92703387   0.92703387   0.92786494   0.92786494
   0.93323405   0.99965575   1.00269442   2.00078002   2.00088527
   2.00088527   2.00113179   2.00113179   2.00199535   2.00199535
   2.00224875   2.00224875   2.00236133]
E1 = -157.62519827804005  E_coul = 44.35453443716001
cycle= 6 E= -107.826219396436  delta_E= -7.07e-10  |g|= 4.02e-06  |ddm|= 6.08e-05
    CPU time for cycle= 6      0.22 sec, wall time      0.01 sec
  HOMO = -0.286839951496556  LUMO = -0.177009697997779
  mo_energy =
[-15.79007554 -15.79005331  -1.00906831  -1.00544327  -0.28974437
  -0.28683995  -0.28683995  -0.1770097   -0.1770097   -0.17318987
   0.92234989   0.92703452   0.92703452   0.92786537   0.92786537
   0.93323438   0.99965682   1.00269539   2.00078021   2.00088545
   2.00088545   2.00113197   2.00113197   2.00199553   2.00199553
   2.00224893   2.00224893   2.00236151]
E1 = -157.62519575394055  E_coul = 44.354531913195444
Extra cycle  E= -107.826219396301  delta_E= 1.35e-10  |g|= 2.82e-05  |ddm|= 1.12e-05
    CPU time for scf_cycle      2.30 sec, wall time      0.11 sec
    CPU time for SCF      2.30 sec, wall time      0.11 sec
converged SCF energy = -107.826219396301
loop example
davidson 0 1  |r|= 2.84  e= [-0.05066274]  max|de|= -0.0507  lindep= 0.994
davidson 1 2  |r|= 1.78  e= [-0.64599726]  max|de|= -0.595  lindep= 0.959
davidson 2 3  |r|= 0.442  e= [-1.53790514]  max|de|= -0.892  lindep= 0.904
davidson 3 4  |r|= 0.0622  e= [-1.55889345]  max|de|= -0.021  lindep= 0.995
davidson 4 5  |r|= 0.0146  e= [-1.55940451]  max|de|= -0.000511  lindep= 0.937
davidson 5 6  |r|= 0.0593  e= [-1.55976589]  max|de|= -0.000361  lindep= 0.88
davidson 6 7  |r|= 0.133  e= [-1.56768197]  max|de|= -0.00792  lindep= 0.956
davidson 7 8  |r|= 0.0153  e= [-1.56905667]  max|de|= -0.00137  lindep= 0.978
root 0 converged  |r|= 0.00123  e= -1.5690736796030766  max|de|= -1.7e-05
converged 8 9  |r|= 0.00123  e= [-1.56907368]  max|de|= -1.7e-05
<class 'pyscf.scf.hf.RHF'> wavefunction has an internal instability
Try to optimize orbitals until stable, attempt 0


******** <class 'pyscf.scf.hf.RHF'> ********
method = RHF
initial guess = minao
damping factor = 0
level_shift factor = 0
DIIS = <class 'pyscf.scf.diis.CDIIS'>
diis_start_cycle = 1
diis_space = 8
SCF conv_tol = 1e-09
SCF conv_tol_grad = None
SCF max_cycles = 50
direct_scf = True
direct_scf_tol = 1e-13
chkfile to save SCF result = /blue/bartlett/z.windom/MOLSSI_develop/test/build_T2_interfaces/RECORDS/verify_spin_CCD/pyscfCode/N2_equil_RHF/tmpjjwoh30r
max_memory 4000 MB (current use 95 MB)
Set gradient conv threshold to 3.16228e-05
E1 = -158.12062386595292  E_coul = 44.47612789472845
init E= -108.20005152678
cond(S) = 9.227651591459802
    CPU time for initialize scf      0.27 sec, wall time      0.01 sec
  HOMO = -0.265534364289898  LUMO = -0.148946336355777
  mo_energy =
[-15.72010821 -15.71997408  -0.98210953  -0.97983693  -0.46241581
  -0.46240276  -0.26553436  -0.14894634   0.02823096   0.02824613
   0.92987469   0.92987832   0.94487505   0.9556173    0.96844118
   0.96846432   1.01828761   1.02074676   2.01022735   2.01084087
   2.01222622   2.01223547   2.02370344   2.02385209   2.03502907
   2.03503982   2.03657199   2.03717889]
E1 = -158.10803809900176  E_coul = 44.44436508055014
cycle= 1 E= -108.219228574007  delta_E= -0.0192  |g|= 0.0286  |ddm|= 0.257
    CPU time for cycle= 1      0.32 sec, wall time      0.01 sec
  HOMO = -0.264726464431159  LUMO = -0.148086521146093
  mo_energy =
[-15.72333401 -15.72293773  -0.98171402  -0.97966856  -0.46889963
  -0.46865348  -0.26472646  -0.14808652   0.02949298   0.02971841
   0.92775519   0.92795962   0.94594368   0.95665226   0.96770767
   0.96793464   1.01888962   1.02120422   2.00926525   2.00996625
   2.01120828   2.01145337   2.02294764   2.02319008   2.03434121
   2.03458617   2.03599563   2.03669153]
E1 = -158.11482916916927  E_coul = 44.45046717483773
cycle= 2 E= -108.219917549887  delta_E= -0.000689  |g|= 0.00735  |ddm|= 0.0463
    CPU time for cycle= 2      0.35 sec, wall time      0.01 sec
  HOMO = -0.263731786150031  LUMO = -0.147072308639297
  mo_energy =
[-15.72285259 -15.72070944  -0.98099349  -0.9786536   -0.47022533
  -0.46894487  -0.26373179  -0.14707231   0.02959045   0.03076933
   0.92683307   0.92789057   0.9469395    0.95769389   0.96777262
   0.96896511   1.01942233   1.02193974   2.00929184   2.01072723
   2.01107825   2.01235565   2.02287565   2.02412859   2.03424266
   2.03552054   2.03606006   2.0374923 ]
E1 = -158.11726182428285  E_coul = 44.45286495789403
cycle= 3 E= -108.219952421944  delta_E= -3.49e-05  |g|= 0.00484  |ddm|= 0.0155
    CPU time for cycle= 3      0.34 sec, wall time      0.01 sec
  HOMO = -0.263697454832521  LUMO = -0.147038784196161
  mo_energy =
[-15.72228337 -15.72121076  -0.9808323   -0.97876562  -0.46992394
  -0.46928162  -0.26369745  -0.14703878   0.02988507   0.03047603
   0.92707221   0.92760249   0.94699355   0.9577073    0.96808355
   0.96868113   1.01952608   1.02187019   2.00955639   2.01048081
   2.01140551   2.01204588   2.02319844   2.0238265    2.0345709
   2.03521153   2.03632662   2.037246  ]
E1 = -158.11738964800625  E_coul = 44.45298621517726
cycle= 4 E= -108.219958988385  delta_E= -6.57e-06  |g|= 0.00247  |ddm|= 0.00733
    CPU time for cycle= 4      0.34 sec, wall time      0.01 sec
  HOMO = -0.26359559142316  LUMO = -0.146935211417534
  mo_energy =
[-15.7216485  -15.7216368   -0.98070899  -0.97874146  -0.46965434
  -0.46965138  -0.26359559  -0.14693521   0.03018017   0.03018292
   0.92726354   0.92726592   0.94710188   0.95780286   0.96842208
   0.96842485   1.01960641   1.02189227   2.00971107   2.01038185
   2.01175113   2.0117541    2.02354267   2.02354585   2.03491938
   2.03492236   2.03648578   2.03714927]
E1 = -158.11777624721208  E_coul = 44.45337045252845
cycle= 5 E= -108.219961350239  delta_E= -2.36e-06  |g|= 9.91e-05  |ddm|= 0.00266
    CPU time for cycle= 5      0.35 sec, wall time      0.01 sec
  HOMO = -0.263567497971972  LUMO = -0.146905341853029
  mo_energy =
[-15.72159397 -15.72158336  -0.98068485  -0.97871699  -0.46966432
  -0.46966422  -0.2635675   -0.14690534   0.03020491   0.03020499
   0.92726213   0.92726221   0.94713061   0.9578315    0.96844313
   0.96844321   1.01962369   1.02190981   2.00972706   2.01039781
   2.01176846   2.01176854   2.02356075   2.02356217   2.03493814
   2.03493823   2.03650347   2.0371669 ]
E1 = -158.1177773420205  E_coul = 44.45337154174691
cycle= 6 E= -108.219961355829  delta_E= -5.59e-09  |g|= 6.21e-06  |ddm|= 0.000187
    CPU time for cycle= 6      0.34 sec, wall time      0.01 sec
  HOMO = -0.263570244925795  LUMO = -0.146908272015362
  mo_energy =
[-15.72160397 -15.72159336  -0.98068822  -0.97872035  -0.46966655
  -0.46966652  -0.26357024  -0.14690827   0.03020103   0.03020106
   0.92725964   0.92725967   0.9471279    0.95782882   0.96843967
   0.96843969   1.01962129   1.02190743   2.00972393   2.01039468
   2.01176534   2.01176537   2.02355756   2.02355897   2.03493492
   2.03493495   2.03650021   2.03716364]
E1 = -158.11779365985936  E_coul = 44.453387859546595
cycle= 7 E= -108.219961355868  delta_E= -3.92e-11  |g|= 3.77e-06  |ddm|= 1e-05
    CPU time for cycle= 7      0.35 sec, wall time      0.01 sec
  HOMO = -0.26357023920167  LUMO = -0.14690830533595
  mo_energy =
[-15.72160402 -15.72159341  -0.98068828  -0.9787204   -0.46966634
  -0.4696663   -0.26357024  -0.14690831   0.03020082   0.03020086
   0.92725961   0.92725964   0.94712787   0.95782879   0.96843964
   0.96843968   1.01962124   1.02190738   2.00972392   2.01039467
   2.01176533   2.01176537   2.02355754   2.02355895   2.03493487
   2.03493492   2.03650017   2.0371636 ]
E1 = -158.117793867156  E_coul = 44.453388066803655
Extra cycle  E= -108.219961355908  delta_E= -3.96e-11  |g|= 3.74e-06  |ddm|= 1.05e-05
    CPU time for scf_cycle      2.95 sec, wall time      0.10 sec
    CPU time for SCF      2.99 sec, wall time      0.10 sec
converged SCF energy = -108.219961355908
davidson 0 1  |r|= 3.15  e= [2.00463297]  max|de|=    2  lindep= 0.963
davidson 1 2  |r|= 0.603  e= [0.13786905]  max|de|= -1.87  lindep=    1
davidson 2 3  |r|= 0.0939  e= [0.0026733]  max|de|= -0.135  lindep= 0.769
davidson 3 4  |r|= 0.0578  e= [0.00122503]  max|de|= -0.00145  lindep= 0.69
davidson 4 5  |r|= 0.00506  e= [0.00043854]  max|de|= -0.000786  lindep= 0.955
root 0 converged  |r|= 0.00047  e= 0.00043695241982023603  max|de|= -1.59e-06
converged 5 6  |r|= 0.00047  e= [0.00043695]  max|de|= -1.59e-06
<class 'pyscf.scf.hf.RHF'> wavefunction is stable in the internal stability analysis
(28, 28)
(28, 28)
shape of numpy coeff rhf: (2, 28, 28)
total 2e- integral energy: 44.45338806680367
(28, 28, 28, 28)
final rhf/uhf energy: -108.21996135590784
slice(None, 7, None) slice(7, None, None)
eabij_aa: [[[[-0.03210336 -0.03210337 -0.06094411 ... -0.06290316 -0.06290316
    -0.06372935]
   [-0.03210337 -0.03210338 -0.06094415 ... -0.0629032  -0.0629032
    -0.06372939]
   [-0.06094411 -0.06094415 -0.59967859 ... -0.8646495  -0.86464953
    -1.05214216]
   ...
   [-0.06290316 -0.0629032  -0.8646495  ... -1.54914813 -1.54914822
    -2.27572727]
   [-0.06290316 -0.0629032  -0.86464953 ... -1.54914822 -1.54914832
    -2.27572748]
   [-0.06372935 -0.06372939 -1.05214216 ... -2.27572727 -2.27572748
    -4.28588815]]

  [[-0.03192185 -0.03192187 -0.06029332 ... -0.06221009 -0.06221009
    -0.06301806]
   [-0.03192187 -0.03192188 -0.06029336 ... -0.06221013 -0.06221013
    -0.0630181 ]
   [-0.06029332 -0.06029336 -0.54210266 ... -0.74982353 -0.74982355
    -0.88687782]
   ...
   [-0.06221009 -0.06221013 -0.74982353 ... -1.21562045 -1.21562051
    -1.62198348]
   [-0.06221009 -0.06221013 -0.74982355 ... -1.21562051 -1.21562057
    -1.62198359]
   [-0.06301806 -0.0630181  -0.88687782 ... -1.62198348 -1.62198359
    -2.4364513 ]]

  [[-0.03192185 -0.03192187 -0.06029332 ... -0.06221009 -0.06221009
    -0.06301806]
   [-0.03192187 -0.03192188 -0.06029336 ... -0.06221013 -0.06221013
    -0.0630181 ]
   [-0.06029332 -0.06029336 -0.54210264 ... -0.74982351 -0.74982353
    -0.88687779]
   ...
   [-0.06221009 -0.06221013 -0.74982351 ... -1.21562039 -1.21562045
    -1.62198338]
   [-0.06221009 -0.06221013 -0.74982353 ... -1.21562045 -1.21562051
    -1.62198348]
   [-0.06301806 -0.0630181  -0.88687779 ... -1.62198338 -1.62198348
    -2.43645107]]

  ...

  [[-0.03000189 -0.0300019  -0.05379144 ... -0.05531189 -0.05531189
    -0.05594969]
   [-0.0300019  -0.03000191 -0.05379147 ... -0.05531192 -0.05531192
    -0.05594972]
   [-0.05379144 -0.05379147 -0.25978053 ... -0.29954638 -0.29954638
    -0.31925574]
   ...
   [-0.05531189 -0.05531192 -0.29954638 ... -0.35368692 -0.35368693
    -0.38149546]
   [-0.05531189 -0.05531192 -0.29954638 ... -0.35368693 -0.35368693
    -0.38149546]
   [-0.05594969 -0.05594972 -0.31925574 ... -0.38149546 -0.38149546
    -0.41405003]]

  [[-0.03000048 -0.03000049 -0.05378691 ... -0.0553071  -0.0553071
    -0.05594479]
   [-0.03000049 -0.0300005  -0.05378694 ... -0.05530713 -0.05530713
    -0.05594482]
   [-0.05378691 -0.05378694 -0.25967494 ... -0.299406   -0.299406
    -0.31909628]
   ...
   [-0.0553071  -0.05530713 -0.299406   ... -0.35349123 -0.35349123
    -0.38126779]
   [-0.0553071  -0.05530713 -0.299406   ... -0.35349123 -0.35349124
    -0.3812678 ]
   [-0.05594479 -0.05594482 -0.31909628 ... -0.38126779 -0.3812678
    -0.41378186]]

  [[-0.02999988 -0.02999989 -0.05378499 ... -0.05530507 -0.05530507
    -0.05594271]
   [-0.02999989 -0.0299999  -0.05378502 ... -0.0553051  -0.0553051
    -0.05594274]
   [-0.05378499 -0.05378502 -0.25963021 ... -0.29934654 -0.29934654
    -0.31902874]
   ...
   [-0.05530507 -0.0553051  -0.29934654 ... -0.35340834 -0.35340835
    -0.38117137]
   [-0.05530507 -0.0553051  -0.29934654 ... -0.35340835 -0.35340836
    -0.38117138]
   [-0.05594271 -0.05594274 -0.31902874 ... -0.38117137 -0.38117138
    -0.4136683 ]]]


 [[[-0.03192185 -0.03192187 -0.06029332 ... -0.06221009 -0.06221009
    -0.06301806]
   [-0.03192187 -0.03192188 -0.06029336 ... -0.06221013 -0.06221013
    -0.0630181 ]
   [-0.06029332 -0.06029336 -0.54210266 ... -0.74982353 -0.74982355
    -0.88687782]
   ...
   [-0.06221009 -0.06221013 -0.74982353 ... -1.21562045 -1.21562051
    -1.62198348]
   [-0.06221009 -0.06221013 -0.74982355 ... -1.21562051 -1.21562057
    -1.62198359]
   [-0.06301806 -0.0630181  -0.88687782 ... -1.62198348 -1.62198359
    -2.4364513 ]]

  [[-0.03174239 -0.0317424  -0.05965628 ... -0.06153213 -0.06153213
    -0.06232247]
   [-0.0317424  -0.03174242 -0.05965632 ... -0.06153217 -0.06153217
    -0.06232252]
   [-0.05965628 -0.05965632 -0.4946141  ... -0.66192015 -0.66192016
    -0.76648313]
   ...
   [-0.06153213 -0.06153217 -0.66192015 ... -1.00026576 -1.0002658
    -1.26001997]
   [-0.06153213 -0.06153217 -0.66192016 ... -1.0002658  -1.00026584
    -1.26002003]
   [-0.06232247 -0.06232252 -0.76648313 ... -1.26001997 -1.26002003
    -1.70200564]]

  [[-0.03174239 -0.0317424  -0.05965628 ... -0.06153213 -0.06153213
    -0.06232247]
   [-0.0317424  -0.03174242 -0.05965632 ... -0.06153217 -0.06153217
    -0.06232252]
   [-0.05965628 -0.05965632 -0.49461409 ... -0.66192013 -0.66192015
    -0.76648311]
   ...
   [-0.06153213 -0.06153217 -0.66192013 ... -1.00026572 -1.00026576
    -1.26001991]
   [-0.06153213 -0.06153217 -0.66192015 ... -1.00026576 -1.0002658
    -1.26001997]
   [-0.06232247 -0.06232252 -0.76648311 ... -1.26001991 -1.26001997
    -1.70200553]]

  ...

  [[-0.02984331 -0.02984332 -0.05328381 ... -0.05477529 -0.05477529
    -0.05540071]
   [-0.02984332 -0.02984333 -0.05328384 ... -0.05477533 -0.05477533
    -0.05540074]
   [-0.05328381 -0.05328384 -0.24835389 ... -0.28445534 -0.28445534
    -0.3021701 ]
   ...
   [-0.05477529 -0.05477533 -0.28445534 ... -0.33283758 -0.33283759
    -0.35735059]
   [-0.05477529 -0.05477533 -0.28445534 ... -0.33283759 -0.33283759
    -0.3573506 ]
   [-0.05540071 -0.05540074 -0.3021701  ... -0.35735059 -0.3573506
    -0.38576136]]

  [[-0.02984192 -0.02984193 -0.05327936 ... -0.0547706  -0.0547706
    -0.05539591]
   [-0.02984193 -0.02984194 -0.05327939 ... -0.05477063 -0.05477063
    -0.05539594]
   [-0.05327936 -0.05327939 -0.24825739 ... -0.28432874 -0.28432875
    -0.30202725]
   ...
   [-0.0547706  -0.05477063 -0.28432874 ... -0.33266427 -0.33266428
    -0.35715082]
   [-0.0547706  -0.05477063 -0.28432875 ... -0.33266428 -0.33266428
    -0.35715083]
   [-0.05539591 -0.05539594 -0.30202725 ... -0.35715082 -0.35715083
    -0.38552857]]

  [[-0.02984133 -0.02984134 -0.05327748 ... -0.05476861 -0.05476861
    -0.05539387]
   [-0.02984134 -0.02984135 -0.05327751 ... -0.05476864 -0.05476864
    -0.0553939 ]
   [-0.05327748 -0.05327751 -0.2482165  ... -0.28427512 -0.28427512
    -0.30196675]
   ...
   [-0.05476861 -0.05476864 -0.28427512 ... -0.33259087 -0.33259087
    -0.35706622]
   [-0.05476861 -0.05476864 -0.28427512 ... -0.33259087 -0.33259088
    -0.35706622]
   [-0.05539387 -0.0553939  -0.30196675 ... -0.35706622 -0.35706622
    -0.38542999]]]


 [[[-0.03192185 -0.03192187 -0.06029332 ... -0.06221009 -0.06221009
    -0.06301806]
   [-0.03192187 -0.03192188 -0.06029336 ... -0.06221013 -0.06221013
    -0.0630181 ]
   [-0.06029332 -0.06029336 -0.54210264 ... -0.74982351 -0.74982353
    -0.88687779]
   ...
   [-0.06221009 -0.06221013 -0.74982351 ... -1.21562039 -1.21562045
    -1.62198338]
   [-0.06221009 -0.06221013 -0.74982353 ... -1.21562045 -1.21562051
    -1.62198348]
   [-0.06301806 -0.0630181  -0.88687779 ... -1.62198338 -1.62198348
    -2.43645107]]

  [[-0.03174239 -0.0317424  -0.05965628 ... -0.06153213 -0.06153213
    -0.06232247]
   [-0.0317424  -0.03174242 -0.05965632 ... -0.06153217 -0.06153217
    -0.06232252]
   [-0.05965628 -0.05965632 -0.49461409 ... -0.66192013 -0.66192015
    -0.76648311]
   ...
   [-0.06153213 -0.06153217 -0.66192013 ... -1.00026572 -1.00026576
    -1.26001991]
   [-0.06153213 -0.06153217 -0.66192015 ... -1.00026576 -1.0002658
    -1.26001997]
   [-0.06232247 -0.06232252 -0.76648311 ... -1.26001991 -1.26001997
    -1.70200553]]

  [[-0.03174239 -0.0317424  -0.05965628 ... -0.06153213 -0.06153213
    -0.06232247]
   [-0.0317424  -0.03174242 -0.05965632 ... -0.06153217 -0.06153217
    -0.06232252]
   [-0.05965628 -0.05965632 -0.49461408 ... -0.66192011 -0.66192013
    -0.76648309]
   ...
   [-0.06153213 -0.06153217 -0.66192011 ... -1.00026568 -1.00026572
    -1.26001985]
   [-0.06153213 -0.06153217 -0.66192013 ... -1.00026572 -1.00026576
    -1.26001991]
   [-0.06232247 -0.06232252 -0.76648309 ... -1.26001985 -1.26001991
    -1.70200542]]

  ...

  [[-0.02984331 -0.02984332 -0.05328381 ... -0.05477529 -0.05477529
    -0.05540071]
   [-0.02984332 -0.02984333 -0.05328384 ... -0.05477533 -0.05477533
    -0.05540074]
   [-0.05328381 -0.05328384 -0.24835389 ... -0.28445534 -0.28445534
    -0.3021701 ]
   ...
   [-0.05477529 -0.05477533 -0.28445534 ... -0.33283758 -0.33283758
    -0.35735059]
   [-0.05477529 -0.05477533 -0.28445534 ... -0.33283758 -0.33283759
    -0.35735059]
   [-0.05540071 -0.05540074 -0.3021701  ... -0.35735059 -0.35735059
    -0.38576136]]

  [[-0.02984192 -0.02984193 -0.05327936 ... -0.0547706  -0.0547706
    -0.05539591]
   [-0.02984193 -0.02984194 -0.05327939 ... -0.05477063 -0.05477063
    -0.05539594]
   [-0.05327936 -0.05327939 -0.24825738 ... -0.28432874 -0.28432874
    -0.30202725]
   ...
   [-0.0547706  -0.05477063 -0.28432874 ... -0.33266427 -0.33266427
    -0.35715082]
   [-0.0547706  -0.05477063 -0.28432874 ... -0.33266427 -0.33266428
    -0.35715082]
   [-0.05539591 -0.05539594 -0.30202725 ... -0.35715082 -0.35715082
    -0.38552857]]

  [[-0.02984133 -0.02984134 -0.05327748 ... -0.05476861 -0.05476861
    -0.05539387]
   [-0.02984134 -0.02984135 -0.05327751 ... -0.05476864 -0.05476864
    -0.0553939 ]
   [-0.05327748 -0.05327751 -0.2482165  ... -0.28427512 -0.28427512
    -0.30196674]
   ...
   [-0.05476861 -0.05476864 -0.28427512 ... -0.33259087 -0.33259087
    -0.35706621]
   [-0.05476861 -0.05476864 -0.28427512 ... -0.33259087 -0.33259087
    -0.35706622]
   [-0.05539387 -0.0553939  -0.30196674 ... -0.35706621 -0.35706622
    -0.38542999]]]


 ...


 [[[-0.03000189 -0.0300019  -0.05379144 ... -0.05531189 -0.05531189
    -0.05594969]
   [-0.0300019  -0.03000191 -0.05379147 ... -0.05531192 -0.05531192
    -0.05594972]
   [-0.05379144 -0.05379147 -0.25978053 ... -0.29954638 -0.29954638
    -0.31925574]
   ...
   [-0.05531189 -0.05531192 -0.29954638 ... -0.35368692 -0.35368693
    -0.38149546]
   [-0.05531189 -0.05531192 -0.29954638 ... -0.35368693 -0.35368693
    -0.38149546]
   [-0.05594969 -0.05594972 -0.31925574 ... -0.38149546 -0.38149546
    -0.41405003]]

  [[-0.02984331 -0.02984332 -0.05328381 ... -0.05477529 -0.05477529
    -0.05540071]
   [-0.02984332 -0.02984333 -0.05328384 ... -0.05477533 -0.05477533
    -0.05540074]
   [-0.05328381 -0.05328384 -0.24835389 ... -0.28445534 -0.28445534
    -0.3021701 ]
   ...
   [-0.05477529 -0.05477533 -0.28445534 ... -0.33283758 -0.33283759
    -0.35735059]
   [-0.05477529 -0.05477533 -0.28445534 ... -0.33283759 -0.33283759
    -0.3573506 ]
   [-0.05540071 -0.05540074 -0.3021701  ... -0.35735059 -0.3573506
    -0.38576136]]

  [[-0.02984331 -0.02984332 -0.05328381 ... -0.05477529 -0.05477529
    -0.05540071]
   [-0.02984332 -0.02984333 -0.05328384 ... -0.05477533 -0.05477533
    -0.05540074]
   [-0.05328381 -0.05328384 -0.24835389 ... -0.28445534 -0.28445534
    -0.3021701 ]
   ...
   [-0.05477529 -0.05477533 -0.28445534 ... -0.33283758 -0.33283758
    -0.35735059]
   [-0.05477529 -0.05477533 -0.28445534 ... -0.33283758 -0.33283759
    -0.35735059]
   [-0.05540071 -0.05540074 -0.3021701  ... -0.35735059 -0.35735059
    -0.38576136]]

  ...

  [[-0.02815864 -0.02815865 -0.04814135 ... -0.04935556 -0.04935556
    -0.04986277]
   [-0.02815865 -0.02815866 -0.04814138 ... -0.04935559 -0.04935559
    -0.04986279]
   [-0.04814135 -0.04814138 -0.16580321 ... -0.18115205 -0.18115206
    -0.18817762]
   ...
   [-0.04935556 -0.04935559 -0.18115205 ... -0.19963258 -0.19963258
    -0.20819859]
   [-0.04935556 -0.04935559 -0.18115206 ... -0.19963258 -0.19963258
    -0.2081986 ]
   [-0.04986277 -0.04986279 -0.18817762 ... -0.20819859 -0.2081986
    -0.21753269]]

  [[-0.0281574  -0.02815741 -0.04813773 ... -0.04935175 -0.04935175
    -0.04985888]
   [-0.02815741 -0.02815742 -0.04813775 ... -0.04935178 -0.04935178
    -0.0498589 ]
   [-0.04813773 -0.04813775 -0.16576019 ... -0.1811007  -0.18110071
    -0.1881222 ]
   ...
   [-0.04935175 -0.04935178 -0.1811007  ... -0.19957022 -0.19957022
    -0.20813077]
   [-0.04935175 -0.04935178 -0.18110071 ... -0.19957022 -0.19957022
    -0.20813077]
   [-0.04985888 -0.0498589  -0.1881222  ... -0.20813077 -0.20813077
    -0.21745864]]

  [[-0.02815687 -0.02815688 -0.04813619 ... -0.04935014 -0.04935014
    -0.04985723]
   [-0.02815688 -0.02815689 -0.04813621 ... -0.04935016 -0.04935016
    -0.04985725]
   [-0.04813619 -0.04813621 -0.16574196 ... -0.18107895 -0.18107895
    -0.18809873]
   ...
   [-0.04935014 -0.04935016 -0.18107895 ... -0.1995438  -0.1995438
    -0.20810203]
   [-0.04935014 -0.04935016 -0.18107895 ... -0.1995438  -0.1995438
    -0.20810203]
   [-0.04985723 -0.04985725 -0.18809873 ... -0.20810203 -0.20810203
    -0.21742727]]]


 [[[-0.03000048 -0.03000049 -0.05378691 ... -0.0553071  -0.0553071
    -0.05594479]
   [-0.03000049 -0.0300005  -0.05378694 ... -0.05530713 -0.05530713
    -0.05594482]
   [-0.05378691 -0.05378694 -0.25967494 ... -0.299406   -0.299406
    -0.31909628]
   ...
   [-0.0553071  -0.05530713 -0.299406   ... -0.35349123 -0.35349123
    -0.38126779]
   [-0.0553071  -0.05530713 -0.299406   ... -0.35349123 -0.35349124
    -0.3812678 ]
   [-0.05594479 -0.05594482 -0.31909628 ... -0.38126779 -0.3812678
    -0.41378186]]

  [[-0.02984192 -0.02984193 -0.05327936 ... -0.0547706  -0.0547706
    -0.05539591]
   [-0.02984193 -0.02984194 -0.05327939 ... -0.05477063 -0.05477063
    -0.05539594]
   [-0.05327936 -0.05327939 -0.24825739 ... -0.28432874 -0.28432875
    -0.30202725]
   ...
   [-0.0547706  -0.05477063 -0.28432874 ... -0.33266427 -0.33266428
    -0.35715082]
   [-0.0547706  -0.05477063 -0.28432875 ... -0.33266428 -0.33266428
    -0.35715083]
   [-0.05539591 -0.05539594 -0.30202725 ... -0.35715082 -0.35715083
    -0.38552857]]

  [[-0.02984192 -0.02984193 -0.05327936 ... -0.0547706  -0.0547706
    -0.05539591]
   [-0.02984193 -0.02984194 -0.05327939 ... -0.05477063 -0.05477063
    -0.05539594]
   [-0.05327936 -0.05327939 -0.24825738 ... -0.28432874 -0.28432874
    -0.30202725]
   ...
   [-0.0547706  -0.05477063 -0.28432874 ... -0.33266427 -0.33266427
    -0.35715082]
   [-0.0547706  -0.05477063 -0.28432874 ... -0.33266427 -0.33266428
    -0.35715082]
   [-0.05539591 -0.05539594 -0.30202725 ... -0.35715082 -0.35715082
    -0.38552857]]

  ...

  [[-0.0281574  -0.02815741 -0.04813773 ... -0.04935175 -0.04935175
    -0.04985888]
   [-0.02815741 -0.02815742 -0.04813775 ... -0.04935178 -0.04935178
    -0.0498589 ]
   [-0.04813773 -0.04813775 -0.16576019 ... -0.1811007  -0.18110071
    -0.1881222 ]
   ...
   [-0.04935175 -0.04935178 -0.1811007  ... -0.19957022 -0.19957022
    -0.20813077]
   [-0.04935175 -0.04935178 -0.18110071 ... -0.19957022 -0.19957022
    -0.20813077]
   [-0.04985888 -0.0498589  -0.1881222  ... -0.20813077 -0.20813077
    -0.21745864]]

  [[-0.02815616 -0.02815617 -0.0481341  ... -0.04934794 -0.04934794
    -0.04985499]
   [-0.02815617 -0.02815618 -0.04813412 ... -0.04934797 -0.04934797
    -0.04985501]
   [-0.0481341  -0.04813412 -0.16571719 ... -0.18104938 -0.18104938
    -0.18806683]
   ...
   [-0.04934794 -0.04934797 -0.18104938 ... -0.19950789 -0.1995079
    -0.20806299]
   [-0.04934794 -0.04934797 -0.18104938 ... -0.1995079  -0.1995079
    -0.20806299]
   [-0.04985499 -0.04985501 -0.18806683 ... -0.20806299 -0.20806299
    -0.21738465]]

  [[-0.02815563 -0.02815564 -0.04813256 ... -0.04934632 -0.04934632
    -0.04985334]
   [-0.02815564 -0.02815565 -0.04813259 ... -0.04934635 -0.04934635
    -0.04985336]
   [-0.04813256 -0.04813259 -0.16569898 ... -0.18102764 -0.18102764
    -0.18804336]
   ...
   [-0.04934632 -0.04934635 -0.18102764 ... -0.19948149 -0.19948149
    -0.20803427]
   [-0.04934632 -0.04934635 -0.18102764 ... -0.19948149 -0.19948149
    -0.20803427]
   [-0.04985334 -0.04985336 -0.18804336 ... -0.20803427 -0.20803427
    -0.2173533 ]]]


 [[[-0.02999988 -0.02999989 -0.05378499 ... -0.05530507 -0.05530507
    -0.05594271]
   [-0.02999989 -0.0299999  -0.05378502 ... -0.0553051  -0.0553051
    -0.05594274]
   [-0.05378499 -0.05378502 -0.25963021 ... -0.29934654 -0.29934654
    -0.31902874]
   ...
   [-0.05530507 -0.0553051  -0.29934654 ... -0.35340834 -0.35340835
    -0.38117137]
   [-0.05530507 -0.0553051  -0.29934654 ... -0.35340835 -0.35340836
    -0.38117138]
   [-0.05594271 -0.05594274 -0.31902874 ... -0.38117137 -0.38117138
    -0.4136683 ]]

  [[-0.02984133 -0.02984134 -0.05327748 ... -0.05476861 -0.05476861
    -0.05539387]
   [-0.02984134 -0.02984135 -0.05327751 ... -0.05476864 -0.05476864
    -0.0553939 ]
   [-0.05327748 -0.05327751 -0.2482165  ... -0.28427512 -0.28427512
    -0.30196675]
   ...
   [-0.05476861 -0.05476864 -0.28427512 ... -0.33259087 -0.33259087
    -0.35706622]
   [-0.05476861 -0.05476864 -0.28427512 ... -0.33259087 -0.33259088
    -0.35706622]
   [-0.05539387 -0.0553939  -0.30196675 ... -0.35706622 -0.35706622
    -0.38542999]]

  [[-0.02984133 -0.02984134 -0.05327748 ... -0.05476861 -0.05476861
    -0.05539387]
   [-0.02984134 -0.02984135 -0.05327751 ... -0.05476864 -0.05476864
    -0.0553939 ]
   [-0.05327748 -0.05327751 -0.2482165  ... -0.28427512 -0.28427512
    -0.30196674]
   ...
   [-0.05476861 -0.05476864 -0.28427512 ... -0.33259087 -0.33259087
    -0.35706621]
   [-0.05476861 -0.05476864 -0.28427512 ... -0.33259087 -0.33259087
    -0.35706622]
   [-0.05539387 -0.0553939  -0.30196674 ... -0.35706621 -0.35706622
    -0.38542999]]

  ...

  [[-0.02815687 -0.02815688 -0.04813619 ... -0.04935014 -0.04935014
    -0.04985723]
   [-0.02815688 -0.02815689 -0.04813621 ... -0.04935016 -0.04935016
    -0.04985725]
   [-0.04813619 -0.04813621 -0.16574196 ... -0.18107895 -0.18107895
    -0.18809873]
   ...
   [-0.04935014 -0.04935016 -0.18107895 ... -0.1995438  -0.1995438
    -0.20810203]
   [-0.04935014 -0.04935016 -0.18107895 ... -0.1995438  -0.1995438
    -0.20810203]
   [-0.04985723 -0.04985725 -0.18809873 ... -0.20810203 -0.20810203
    -0.21742727]]

  [[-0.02815563 -0.02815564 -0.04813256 ... -0.04934632 -0.04934632
    -0.04985334]
   [-0.02815564 -0.02815565 -0.04813259 ... -0.04934635 -0.04934635
    -0.04985336]
   [-0.04813256 -0.04813259 -0.16569898 ... -0.18102764 -0.18102764
    -0.18804336]
   ...
   [-0.04934632 -0.04934635 -0.18102764 ... -0.19948149 -0.19948149
    -0.20803427]
   [-0.04934632 -0.04934635 -0.18102764 ... -0.19948149 -0.19948149
    -0.20803427]
   [-0.04985334 -0.04985336 -0.18804336 ... -0.20803427 -0.20803427
    -0.2173533 ]]

  [[-0.02815511 -0.02815512 -0.04813103 ... -0.04934471 -0.04934471
    -0.04985169]
   [-0.02815512 -0.02815512 -0.04813105 ... -0.04934473 -0.04934473
    -0.04985171]
   [-0.04813103 -0.04813105 -0.16568076 ... -0.1810059  -0.1810059
    -0.18801991]
   ...
   [-0.04934471 -0.04934473 -0.1810059  ... -0.19945509 -0.1994551
    -0.20800556]
   [-0.04934471 -0.04934473 -0.1810059  ... -0.1994551  -0.1994551
    -0.20800556]
   [-0.04985169 -0.04985171 -0.18801991 ... -0.20800556 -0.20800556
    -0.21732197]]]] (21, 21, 7, 7)
hf energy: -108.2199613559079
nuclear repulsion: 5.444444444444444
(28, 28, 28, 28)
initial energy: -113.66440580035231
    ==> CCSDT amplitude equations <==

     Iter              Corr. Energy                 |dE|    |dT|

there zww hi
still here
hi
        0      -0.532652229672       0.532652229672       1.938009097027

there zww hi
still here
hi
        1      -0.180423706755       0.352228522917       1.850483151905

there zww hi
still here
hi
        2      -0.600252941348       0.419829234594       2.077185394793

there zww hi
still here
hi
        3      -0.113005894069       0.487247047279       1.904171872103

there zww hi
still here
hi
        4      -0.549213994087       0.436208100018       2.152275830894

there zww hi
still here
hi
        5      -0.368215373147       0.180998620941       1.858847908047

there zww hi
still here
hi
        6      -0.337072802877       0.031142570270       1.941013947458

there zww hi
still here
hi
        7      -0.384618275003       0.047545472126       1.951122693254

there zww hi
still here
hi
        8      -0.653200504254       0.268582229251       1.942487003025

there zww hi
still here
hi
        9      -0.646656660821       0.006543843433       2.168769061650

there zww hi
still here
hi
       10      -0.645949079820       0.000707581001       2.157339472707

there zww hi
still here
hi
       11      -0.570986564674       0.074962515147       2.206015717732

there zww hi
still here
hi
       12      -0.467436815165       0.103549749509       2.174488963669

there zww hi
still here
hi
       13      -0.442267825552       0.025168989613       2.187977024433

there zww hi
still here
hi
       14      -0.448156766437       0.005888940885       2.191643550145

there zww hi
still here
hi
       15      -0.461217940207       0.013061173770       2.199912762564

there zww hi
still here
hi
       16      -0.465457530601       0.004239590394       2.207972509503

there zww hi
still here
hi
       17      -0.468058919446       0.002601388844       2.211170472333

there zww hi
still here
hi
       18      -0.469166337496       0.001107418050       2.213681161172

there zww hi
still here
hi
       19      -0.469344245617       0.000177908121       2.214877347561

there zww hi
still here
hi
       20      -0.469360632727       0.000016387110       2.214903629275

there zww hi
still here
hi
       21      -0.469441123489       0.000080490762       2.214802084059

there zww hi
still here
hi
       22      -0.469393656357       0.000047467132       2.214886793095

there zww hi
still here
hi
       23      -0.469376464448       0.000017191910       2.214868038390

there zww hi
still here
hi
       24      -0.469391969006       0.000015504559       2.214841401268

there zww hi
still here
hi
       25      -0.469392307165       0.000000338158       2.214863296320

there zww hi
still here
hi
       26      -0.469393292676       0.000000985511       2.214862652099

there zww hi
still here
hi
       27      -0.469390328078       0.000002964598       2.214862783987

there zww hi
still here
hi
       28      -0.469390579763       0.000000251686       2.214859862294

there zww hi
still here
hi
       29      -0.469390554444       0.000000025320       2.214861369879

there zww hi
still here
hi
       30      -0.469390598082       0.000000043639       2.214861112736

there zww hi
still here
hi
       31      -0.469390601551       0.000000003468       2.214861092767

there zww hi
still here
hi
       32      -0.469390595548       0.000000006003       2.214861004414

there zww hi
still here
hi
       33      -0.469390594644       0.000000000904       2.214860945124

there zww hi
still here
hi
       34      -0.469390594545       0.000000000099       2.214860924710








Final, total correlated energy: -108.68935195045323
Final CCD correlation contribution: -0.46939059454533094
