#INFO: **** input file is /blue/bartlett/z.windom/MOLSSI_develop/test/build_T2_interfaces/RECORDS/verify_spin_CCD/pyscfCode/N2_equil_RHF/run_pyscf.py ****
import numpy as np
import pyscf
from pyscf import ao2mo


def main():
    """ Initialize calculation details, 2e- integrals, Fock matrix, etc """

    # run pyscf for some reason
    basis = 'ccpvdz'
    mol = pyscf.M(
        atom='N 0 0 0; N 0 0 {}'.format(2.0749193),
        #atom='Be 0 0 0'
        verbose=5,
        unit='b',
        basis=basis)



    mf = mol.RHF()
    mf.run()

    from pyscf.lib import logger

    def stable_opt_internal(mf):
        log = logger.new_logger(mf)
        mo1, _, stable, _ = mf.stability(return_status=True)
        cyc = 0
        while (not stable and cyc < 10):
            log.note('Try to optimize orbitals until stable, attempt %d' % cyc)
            dm1 = mf.make_rdm1(mo1, mf.mo_occ)
            mf = mf.run(dm1)
            mo1, _, stable, _ = mf.stability(return_status=True)
            cyc += 1
        if not stable:
            log.note('Stability Opt failed after %d attempts' % cyc)
        return mf
    print('loop example')
    mf = stable_opt_internal(mf)

    orb=mf.mo_coeff
    print(np.shape(mf.get_hcore()))
    print(np.shape(orb))
    import run_ccd as run_ccd 
 
    run_ccd.ccd_main(mf,mol,orb)


main()
#INFO: ******************** input file end ********************


System: uname_result(system='Linux', node='login2.ufhpc', release='3.10.0-1160.80.1.el7.x86_64', version='#1 SMP Sat Oct 8 18:13:21 UTC 2022', machine='x86_64', processor='x86_64')  Threads 32
Python 3.7.12 | packaged by conda-forge | (default, Oct 26 2021, 06:08:21) 
[GCC 9.4.0]
numpy 1.21.6  scipy 1.7.3
Date: Sat Jan 28 01:00:25 2023
PySCF version 2.1.1
PySCF path  /blue/bartlett/z.windom/MOLSSI_develop/T2method/new/pyscf
GIT ORIG_HEAD 41535e74b1de6eb21fc9b6a13c089d6cd55b35d7
GIT HEAD (branch master) ff882f83f5730ea5610d52cc5b88d278f9b71da7

[ENV] PYSCF_INC_DIR /home/z.windom/libxc-4.3.4
[CONFIG] conf_file /home/z.windom/.pyscf_conf.py
[INPUT] verbose = 5
[INPUT] max_memory = 4000 
[INPUT] num. atoms = 2
[INPUT] num. electrons = 14
[INPUT] charge = 0
[INPUT] spin (= nelec alpha-beta = 2S) = 0
[INPUT] symmetry False subgroup None
[INPUT] Mole.unit = b
[INPUT] Symbol           X                Y                Z      unit          X                Y                Z       unit  Magmom
[INPUT]  1 N      0.000000000000   0.000000000000   0.000000000000 AA    0.000000000000   0.000000000000   0.000000000000 Bohr   0.0
[INPUT]  2 N      0.000000000000   0.000000000000   1.098000008058 AA    0.000000000000   0.000000000000   2.074919300000 Bohr   0.0
[INPUT] ---------------- BASIS SET ---------------- 
[INPUT] l, kappa, [nprim/nctr], expnt,             c_1 c_2 ...
[INPUT] N
[INPUT] 0    0    [8    /2   ]  9046              0.0007 -0.000153
                                1357              0.005389 -0.001208
                                309.3             0.027406 -0.005992
                                87.73             0.103207 -0.024544
                                28.56             0.278723 -0.067459
                                10.21             0.44854 -0.158078
                                3.838             0.278238 -0.121831
                                0.7466            0.01544 0.549003
[INPUT] 0    0    [1    /1   ]  0.2248               1
[INPUT] 1    0    [3    /1   ]  13.55             0.039919
                                2.917             0.217169
                                0.7973            0.510319
[INPUT] 1    0    [1    /1   ]  0.2185               1
[INPUT] 2    0    [1    /1   ]  0.817                1

nuclear repulsion = 23.6153762702964
number of shells = 10
number of NR pGTOs = 52
number of NR cGTOs = 28
basis = ccpvdz
ecp = {}
CPU time:         4.17


******** <class 'pyscf.scf.hf.RHF'> ********
method = RHF
initial guess = minao
damping factor = 0
level_shift factor = 0
DIIS = <class 'pyscf.scf.diis.CDIIS'>
diis_start_cycle = 1
diis_space = 8
SCF conv_tol = 1e-09
SCF conv_tol_grad = None
SCF max_cycles = 50
direct_scf = True
direct_scf_tol = 1e-13
chkfile to save SCF result = /blue/bartlett/z.windom/MOLSSI_develop/test/build_T2_interfaces/RECORDS/verify_spin_CCD/pyscfCode/N2_equil_RHF/tmp510f2ijc
max_memory 4000 MB (current use 85 MB)
Set gradient conv threshold to 3.16228e-05
E1 = -194.82119240540322  E_coul = 62.2138426009725
init E= -108.991973534134
cond(S) = 504.82631920102904
    CPU time for initialize scf      0.44 sec, wall time      0.03 sec
  HOMO = -0.381012013553624  LUMO = 0.0698064500774803
  mo_energy =
[-15.63068199 -15.62463885  -1.67817938  -0.67019896  -0.47850337
  -0.47850337  -0.38101201   0.06980645   0.06980645   0.56873453
   0.84427372   0.89816987   0.89816987   1.00911316   1.04188021
   1.04188021   1.13497281   1.63855294   1.79159766   1.79159766
   1.89308117   1.89308117   2.31351584   2.31351584   2.87931292
   2.99870048   2.99870048   3.28371187]
E1 = -193.43365220108268  E_coul = 60.882552080998686
cycle= 1 E= -108.935723849788  delta_E= 0.0562  |g|= 0.275  |ddm|= 1.76
    CPU time for cycle= 1      0.19 sec, wall time      0.01 sec
  HOMO = -0.649650540858249  LUMO = 0.140044794492675
  mo_energy =
[-15.77940173 -15.77610903  -1.5326615   -0.80432349  -0.65233733
  -0.64965054  -0.64965054   0.14004479   0.14004479   0.57783732
   0.79953807   0.84378467   0.84378467   0.96914254   1.02019975
   1.02019975   1.10294812   1.61056501   1.71974004   1.71974004
   1.84047735   1.84047735   2.26459993   2.26459993   2.83515111
   2.96158722   2.96158722   3.23483462]
E1 = -194.4214939173041  E_coul = 61.85312899734636
cycle= 2 E= -108.952988649661  delta_E= -0.0173  |g|= 0.0639  |ddm|= 0.231
    CPU time for cycle= 2      0.18 sec, wall time      0.01 sec
  HOMO = -0.604199892742403  LUMO = 0.178372994834423
  mo_energy =
[-15.67607974 -15.67267281  -1.46504272  -0.77127506  -0.61918804
  -0.60419989  -0.60419989   0.17837299   0.17837299   0.59469859
   0.82349798   0.87493031   0.87493031   0.99520514   1.05393789
   1.05393789   1.14994026   1.64533835   1.7620828    1.7620828
   1.88615989   1.88615989   2.3029522    2.3029522    2.87807352
   2.99986418   2.99986418   3.28856796]
E1 = -194.2087038015597  E_coul = 61.639303605921
cycle= 3 E= -108.954023925342  delta_E= -0.00104  |g|= 0.0134  |ddm|= 0.052
    CPU time for cycle= 3      0.37 sec, wall time      0.01 sec
  HOMO = -0.608561165231533  LUMO = 0.174992409473585
  mo_energy =
[-15.68796259 -15.68456591  -1.47166841  -0.77471768  -0.62662605
  -0.60856117  -0.60856117   0.17499241   0.17499241   0.5942925
   0.82002874   0.87193615   0.87193615   0.99187366   1.0505113
   1.0505113    1.1433818    1.64250362   1.75705294   1.75705294
   1.88118367   1.88118367   2.29830272   2.29830272   2.87359339
   2.99559008   2.99559008   3.2824838 ]
E1 = -194.2263868157689  E_coul = 61.656924224572165
cycle= 4 E= -108.9540863209  delta_E= -6.24e-05  |g|= 0.000972  |ddm|= 0.0197
    CPU time for cycle= 4      0.46 sec, wall time      0.02 sec
  HOMO = -0.608043331741329  LUMO = 0.175480780967102
  mo_energy =
[-15.68652432 -15.68312735  -1.47099127  -0.77418492  -0.62616802
  -0.60804333  -0.60804333   0.17548078   0.17548078   0.59454346
   0.82020891   0.87228343   0.87228343   0.99221437   1.0509605
   1.0509605    1.14392947   1.64289058   1.75748143   1.75748143
   1.88172482   1.88172482   2.29875582   2.29875582   2.87413375
   2.99611692   2.99611692   3.28313478]
E1 = -194.2247001806492  E_coul = 61.65523731364467
cycle= 5 E= -108.954086596708  delta_E= -2.76e-07  |g|= 0.00014  |ddm|= 0.00107
    CPU time for cycle= 5      0.52 sec, wall time      0.02 sec
  HOMO = -0.608029099878697  LUMO = 0.175484487099875
  mo_energy =
[-15.68654336 -15.68314696  -1.4709758   -0.77420194  -0.62620126
  -0.6080291   -0.6080291    0.17548449   0.17548449   0.59453332
   0.82020131   0.87230028   0.87230028   0.99220434   1.05096481
   1.05096481   1.14391509   1.64289631   1.75749149   1.75749149
   1.881724     1.881724     2.29876331   2.29876331   2.87412911
   2.99611283   2.99611283   3.2831193 ]
E1 = -194.224748893609  E_coul = 61.65528601867657
cycle= 6 E= -108.954086604636  delta_E= -7.93e-09  |g|= 1.54e-05  |ddm|= 0.000208
    CPU time for cycle= 6      0.44 sec, wall time      0.01 sec
  HOMO = -0.608023357952277  LUMO = 0.175488426018062
  mo_energy =
[-15.68653366 -15.68313718  -1.47097178  -0.77420062  -0.62619962
  -0.60802336  -0.60802336   0.17548843   0.17548843   0.59453387
   0.82020324   0.87230518   0.87230518   0.99220603   1.05096905
   1.05096905   1.1439187    1.6428991    1.75749598   1.75749598
   1.88172856   1.88172856   2.29876769   2.29876769   2.87413314
   2.99611684   2.99611684   3.28312327]
E1 = -194.2247400252621  E_coul = 61.655277150219554
cycle= 7 E= -108.954086604746  delta_E= -1.1e-10  |g|= 1.41e-06  |ddm|= 6.03e-05
    CPU time for cycle= 7      0.60 sec, wall time      0.02 sec
  HOMO = -0.608023558195763  LUMO = 0.175488086526444
  mo_energy =
[-15.68653451 -15.68313803  -1.47097234  -0.77420098  -0.62619989
  -0.60802356  -0.60802356   0.17548809   0.17548809   0.59453365
   0.82020288   0.87230494   0.87230494   0.99220565   1.05096877
   1.05096877   1.1439182    1.64289873   1.7574956    1.7574956
   1.88172816   1.88172816   2.29876731   2.29876731   2.87413274
   2.99611646   2.99611646   3.28312278]
E1 = -194.22474193555695  E_coul = 61.65527906051377
Extra cycle  E= -108.954086604747  delta_E= -6.25e-13  |g|= 3.51e-07  |ddm|= 2.21e-06
    CPU time for scf_cycle      3.66 sec, wall time      0.14 sec
    CPU time for SCF      3.67 sec, wall time      0.14 sec
converged SCF energy = -108.954086604747
loop example
davidson 0 1  |r|= 5.16  e= [5.19456934]  max|de|= 5.19  lindep= 0.861
davidson 1 2  |r|= 2.84  e= [3.70905515]  max|de|= -1.49  lindep= 0.984
davidson 2 3  |r|=  1.8  e= [2.31472876]  max|de|= -1.39  lindep= 0.847
davidson 3 4  |r|= 1.14  e= [1.4270097]  max|de|= -0.888  lindep= 0.989
davidson 4 5  |r|= 0.716  e= [1.19638523]  max|de|= -0.231  lindep= 0.962
davidson 5 6  |r|= 0.35  e= [1.08238433]  max|de|= -0.114  lindep= 0.896
davidson 6 7  |r|= 0.235  e= [1.03790482]  max|de|= -0.0445  lindep= 0.936
davidson 7 8  |r|= 0.0771  e= [1.02794554]  max|de|= -0.00996  lindep= 0.959
davidson 8 9  |r|= 0.0304  e= [1.02669813]  max|de|= -0.00125  lindep= 0.882
davidson 9 10  |r|= 0.0208  e= [1.02631646]  max|de|= -0.000382  lindep= 0.902
root 0 converged  |r|= 0.00444  e= 1.0262682328023447  max|de|= -4.82e-05
converged 10 11  |r|= 0.00444  e= [1.02626823]  max|de|= -4.82e-05
<class 'pyscf.scf.hf.RHF'> wavefunction is stable in the internal stability analysis
(28, 28)
(28, 28)
shape of numpy coeff rhf: (2, 28, 28)
total 2e- integral energy: 61.65527906051376
(28, 28, 28, 28)
final rhf/uhf energy: -108.95408660474692
slice(None, 7, None) slice(7, None, None)
eabij_aa: [[[[-0.03152183 -0.03152521 -0.05711517 ... -0.06001064 -0.06007617
    -0.06007617]
   [-0.03152521 -0.03152858 -0.05712625 ... -0.06002288 -0.06008843
    -0.06008843]
   [-0.05711517 -0.05712625 -0.30368176 ... -0.40847197 -0.41152736
    -0.41152736]
   ...
   [-0.06001064 -0.06002288 -0.40847197 ... -0.62368405 -0.63083538
    -0.63083538]
   [-0.06007617 -0.06008843 -0.41152736 ... -0.63083538 -0.63815261
    -0.63815261]
   [-0.06007617 -0.06008843 -0.41152736 ... -0.63083538 -0.63815261
    -0.63815261]]

  [[-0.03152183 -0.03152521 -0.05711517 ... -0.06001064 -0.06007617
    -0.06007617]
   [-0.03152521 -0.03152858 -0.05712625 ... -0.06002288 -0.06008843
    -0.06008843]
   [-0.05711517 -0.05712625 -0.30368176 ... -0.40847197 -0.41152736
    -0.41152736]
   ...
   [-0.06001064 -0.06002288 -0.40847197 ... -0.62368405 -0.63083538
    -0.63083538]
   [-0.06007617 -0.06008843 -0.41152736 ... -0.63083538 -0.63815261
    -0.63815261]
   [-0.06007617 -0.06008843 -0.41152736 ... -0.63083538 -0.63815261
    -0.63815261]]

  [[-0.03111088 -0.03111417 -0.05578014 ... -0.05853856 -0.05860092
    -0.05860092]
   [-0.03111417 -0.03111746 -0.05579071 ... -0.0585502  -0.05861258
    -0.05861258]
   [-0.05578014 -0.05579071 -0.26939899 ... -0.34877306 -0.35099818
    -0.35099818]
   ...
   [-0.05853856 -0.0585502  -0.34877306 ... -0.49445676 -0.49894095
    -0.49894095]
   [-0.05860092 -0.05861258 -0.35099818 ... -0.49894095 -0.50350722
    -0.50350722]
   [-0.05860092 -0.05861258 -0.35099818 ... -0.49894095 -0.50350722
    -0.50350722]]

  ...

  [[-0.02894802 -0.02895087 -0.04919054 ... -0.05132327 -0.05137119
    -0.05137119]
   [-0.02895087 -0.02895372 -0.04919876 ... -0.05133222 -0.05138016
    -0.05138016]
   [-0.04919054 -0.04919876 -0.1635711  ... -0.18979737 -0.19045441
    -0.19045441]
   ...
   [-0.05132327 -0.05133222 -0.18979737 ... -0.22603956 -0.22697209
    -0.22697209]
   [-0.05137119 -0.05138016 -0.19045441 ... -0.22697209 -0.22791235
    -0.22791235]
   [-0.05137119 -0.05138016 -0.19045441 ... -0.22697209 -0.22791235
    -0.22791235]]

  [[-0.02894802 -0.02895087 -0.04919054 ... -0.05132327 -0.05137119
    -0.05137119]
   [-0.02895087 -0.02895372 -0.04919876 ... -0.05133222 -0.05138016
    -0.05138016]
   [-0.04919054 -0.04919876 -0.1635711  ... -0.18979737 -0.19045441
    -0.19045441]
   ...
   [-0.05132327 -0.05133222 -0.18979737 ... -0.22603956 -0.22697209
    -0.22697209]
   [-0.05137119 -0.05138016 -0.19045441 ... -0.22697209 -0.22791235
    -0.22791235]
   [-0.05137119 -0.05138016 -0.19045441 ... -0.22697209 -0.22791235
    -0.22791235]]

  [[-0.0287095  -0.0287123  -0.04850574 ... -0.05057825 -0.05062479
    -0.05062479]
   [-0.0287123  -0.0287151  -0.04851373 ... -0.05058694 -0.05063349
    -0.05063349]
   [-0.04850574 -0.04851373 -0.15623644 ... -0.17999263 -0.18058343
    -0.18058343]
   ...
   [-0.05057825 -0.05058694 -0.17999263 ... -0.21226868 -0.21309084
    -0.21309084]
   [-0.05062479 -0.05063349 -0.18058343 ... -0.21309084 -0.21391939
    -0.21391939]
   [-0.05062479 -0.05063349 -0.18058343 ... -0.21309084 -0.21391939
    -0.21391939]]]


 [[[-0.03152183 -0.03152521 -0.05711517 ... -0.06001064 -0.06007617
    -0.06007617]
   [-0.03152521 -0.03152858 -0.05712625 ... -0.06002288 -0.06008843
    -0.06008843]
   [-0.05711517 -0.05712625 -0.30368176 ... -0.40847197 -0.41152736
    -0.41152736]
   ...
   [-0.06001064 -0.06002288 -0.40847197 ... -0.62368405 -0.63083538
    -0.63083538]
   [-0.06007617 -0.06008843 -0.41152736 ... -0.63083538 -0.63815261
    -0.63815261]
   [-0.06007617 -0.06008843 -0.41152736 ... -0.63083538 -0.63815261
    -0.63815261]]

  [[-0.03152183 -0.03152521 -0.05711517 ... -0.06001064 -0.06007617
    -0.06007617]
   [-0.03152521 -0.03152858 -0.05712625 ... -0.06002288 -0.06008843
    -0.06008843]
   [-0.05711517 -0.05712625 -0.30368176 ... -0.40847197 -0.41152736
    -0.41152736]
   ...
   [-0.06001064 -0.06002288 -0.40847197 ... -0.62368405 -0.63083538
    -0.63083538]
   [-0.06007617 -0.06008843 -0.41152736 ... -0.63083538 -0.63815261
    -0.63815261]
   [-0.06007617 -0.06008843 -0.41152736 ... -0.63083538 -0.63815261
    -0.63815261]]

  [[-0.03111088 -0.03111417 -0.05578014 ... -0.05853856 -0.05860092
    -0.05860092]
   [-0.03111417 -0.03111746 -0.05579071 ... -0.0585502  -0.05861258
    -0.05861258]
   [-0.05578014 -0.05579071 -0.26939899 ... -0.34877306 -0.35099818
    -0.35099818]
   ...
   [-0.05853856 -0.0585502  -0.34877306 ... -0.49445676 -0.49894095
    -0.49894095]
   [-0.05860092 -0.05861258 -0.35099818 ... -0.49894095 -0.50350722
    -0.50350722]
   [-0.05860092 -0.05861258 -0.35099818 ... -0.49894095 -0.50350722
    -0.50350722]]

  ...

  [[-0.02894802 -0.02895087 -0.04919054 ... -0.05132327 -0.05137119
    -0.05137119]
   [-0.02895087 -0.02895372 -0.04919876 ... -0.05133222 -0.05138016
    -0.05138016]
   [-0.04919054 -0.04919876 -0.1635711  ... -0.18979737 -0.19045441
    -0.19045441]
   ...
   [-0.05132327 -0.05133222 -0.18979737 ... -0.22603956 -0.22697209
    -0.22697209]
   [-0.05137119 -0.05138016 -0.19045441 ... -0.22697209 -0.22791235
    -0.22791235]
   [-0.05137119 -0.05138016 -0.19045441 ... -0.22697209 -0.22791235
    -0.22791235]]

  [[-0.02894802 -0.02895087 -0.04919054 ... -0.05132327 -0.05137119
    -0.05137119]
   [-0.02895087 -0.02895372 -0.04919876 ... -0.05133222 -0.05138016
    -0.05138016]
   [-0.04919054 -0.04919876 -0.1635711  ... -0.18979737 -0.19045441
    -0.19045441]
   ...
   [-0.05132327 -0.05133222 -0.18979737 ... -0.22603956 -0.22697209
    -0.22697209]
   [-0.05137119 -0.05138016 -0.19045441 ... -0.22697209 -0.22791235
    -0.22791235]
   [-0.05137119 -0.05138016 -0.19045441 ... -0.22697209 -0.22791235
    -0.22791235]]

  [[-0.0287095  -0.0287123  -0.04850574 ... -0.05057825 -0.05062479
    -0.05062479]
   [-0.0287123  -0.0287151  -0.04851373 ... -0.05058694 -0.05063349
    -0.05063349]
   [-0.04850574 -0.04851373 -0.15623644 ... -0.17999263 -0.18058343
    -0.18058343]
   ...
   [-0.05057825 -0.05058694 -0.17999263 ... -0.21226868 -0.21309084
    -0.21309084]
   [-0.05062479 -0.05063349 -0.18058343 ... -0.21309084 -0.21391939
    -0.21391939]
   [-0.05062479 -0.05063349 -0.18058343 ... -0.21309084 -0.21391939
    -0.21391939]]]


 [[[-0.03111088 -0.03111417 -0.05578014 ... -0.05853856 -0.05860092
    -0.05860092]
   [-0.03111417 -0.03111746 -0.05579071 ... -0.0585502  -0.05861258
    -0.05861258]
   [-0.05578014 -0.05579071 -0.26939899 ... -0.34877306 -0.35099818
    -0.35099818]
   ...
   [-0.05853856 -0.0585502  -0.34877306 ... -0.49445676 -0.49894095
    -0.49894095]
   [-0.05860092 -0.05861258 -0.35099818 ... -0.49894095 -0.50350722
    -0.50350722]
   [-0.05860092 -0.05861258 -0.35099818 ... -0.49894095 -0.50350722
    -0.50350722]]

  [[-0.03111088 -0.03111417 -0.05578014 ... -0.05853856 -0.05860092
    -0.05860092]
   [-0.03111417 -0.03111746 -0.05579071 ... -0.0585502  -0.05861258
    -0.05861258]
   [-0.05578014 -0.05579071 -0.26939899 ... -0.34877306 -0.35099818
    -0.35099818]
   ...
   [-0.05853856 -0.0585502  -0.34877306 ... -0.49445676 -0.49894095
    -0.49894095]
   [-0.05860092 -0.05861258 -0.35099818 ... -0.49894095 -0.50350722
    -0.50350722]
   [-0.05860092 -0.05861258 -0.35099818 ... -0.49894095 -0.50350722
    -0.50350722]]

  [[-0.03071052 -0.03071372 -0.05450609 ... -0.05713697 -0.05719638
    -0.05719638]
   [-0.03071372 -0.03071692 -0.05451618 ... -0.05714807 -0.05720749
    -0.05720749]
   [-0.05450609 -0.05451618 -0.24207144 ... -0.30429918 -0.30599163
    -0.30599163]
   ...
   [-0.05713697 -0.05714807 -0.30429918 ... -0.40958979 -0.412662
    -0.412662  ]
   [-0.05719638 -0.05720749 -0.30599163 ... -0.412662   -0.41578063
    -0.41578063]
   [-0.05719638 -0.05720749 -0.30599163 ... -0.412662   -0.41578063
    -0.41578063]]

  ...

  [[-0.02860108 -0.02860386 -0.04819705 ... -0.05024271 -0.05028864
    -0.05028864]
   [-0.02860386 -0.02860663 -0.04820494 ... -0.05025129 -0.05029723
    -0.05029723]
   [-0.04819705 -0.04820494 -0.15307853 ... -0.17581421 -0.17637785
    -0.17637785]
   ...
   [-0.05024271 -0.05025129 -0.17581421 ... -0.20648146 -0.20725932
    -0.20725932]
   [-0.05028864 -0.05029723 -0.17637785 ... -0.20725932 -0.20804306
    -0.20804306]
   [-0.05028864 -0.05029723 -0.17637785 ... -0.20725932 -0.20804306
    -0.20804306]]

  [[-0.02860108 -0.02860386 -0.04819705 ... -0.05024271 -0.05028864
    -0.05028864]
   [-0.02860386 -0.02860663 -0.04820494 ... -0.05025129 -0.05029723
    -0.05029723]
   [-0.04819705 -0.04820494 -0.15307853 ... -0.17581421 -0.17637785
    -0.17637785]
   ...
   [-0.05024271 -0.05025129 -0.17581421 ... -0.20648146 -0.20725932
    -0.20725932]
   [-0.05028864 -0.05029723 -0.17637785 ... -0.20725932 -0.20804306
    -0.20804306]
   [-0.05028864 -0.05029723 -0.17637785 ... -0.20725932 -0.20804306
    -0.20804306]]

  [[-0.02836821 -0.02837094 -0.04753945 ... -0.04952851 -0.04957314
    -0.04957314]
   [-0.02837094 -0.02837368 -0.04754712 ... -0.04953684 -0.04958149
    -0.04958149]
   [-0.04753945 -0.04754712 -0.14663614 ... -0.16736882 -0.16787953
    -0.16787953]
   ...
   [-0.04952851 -0.04953684 -0.16736882 ... -0.19492964 -0.19562275
    -0.19562275]
   [-0.04957314 -0.04958149 -0.16787953 ... -0.19562275 -0.19632081
    -0.19632081]
   [-0.04957314 -0.04958149 -0.16787953 ... -0.19562275 -0.19632081
    -0.19632081]]]


 ...


 [[[-0.02894802 -0.02895087 -0.04919054 ... -0.05132327 -0.05137119
    -0.05137119]
   [-0.02895087 -0.02895372 -0.04919876 ... -0.05133222 -0.05138016
    -0.05138016]
   [-0.04919054 -0.04919876 -0.1635711  ... -0.18979737 -0.19045441
    -0.19045441]
   ...
   [-0.05132327 -0.05133222 -0.18979737 ... -0.22603956 -0.22697209
    -0.22697209]
   [-0.05137119 -0.05138016 -0.19045441 ... -0.22697209 -0.22791235
    -0.22791235]
   [-0.05137119 -0.05138016 -0.19045441 ... -0.22697209 -0.22791235
    -0.22791235]]

  [[-0.02894802 -0.02895087 -0.04919054 ... -0.05132327 -0.05137119
    -0.05137119]
   [-0.02895087 -0.02895372 -0.04919876 ... -0.05133222 -0.05138016
    -0.05138016]
   [-0.04919054 -0.04919876 -0.1635711  ... -0.18979737 -0.19045441
    -0.19045441]
   ...
   [-0.05132327 -0.05133222 -0.18979737 ... -0.22603956 -0.22697209
    -0.22697209]
   [-0.05137119 -0.05138016 -0.19045441 ... -0.22697209 -0.22791235
    -0.22791235]
   [-0.05137119 -0.05138016 -0.19045441 ... -0.22697209 -0.22791235
    -0.22791235]]

  [[-0.02860108 -0.02860386 -0.04819705 ... -0.05024271 -0.05028864
    -0.05028864]
   [-0.02860386 -0.02860663 -0.04820494 ... -0.05025129 -0.05029723
    -0.05029723]
   [-0.04819705 -0.04820494 -0.15307853 ... -0.17581421 -0.17637785
    -0.17637785]
   ...
   [-0.05024271 -0.05025129 -0.17581421 ... -0.20648146 -0.20725932
    -0.20725932]
   [-0.05028864 -0.05029723 -0.17637785 ... -0.20725932 -0.20804306
    -0.20804306]
   [-0.05028864 -0.05029723 -0.17637785 ... -0.20725932 -0.20804306
    -0.20804306]]

  ...

  [[-0.0267628  -0.02676523 -0.04319703 ... -0.04483306 -0.04486963
    -0.04486963]
   [-0.02676523 -0.02676766 -0.04320337 ... -0.04483989 -0.04487647
    -0.04487647]
   [-0.04319703 -0.04320337 -0.11192972 ... -0.12361848 -0.12389687
    -0.12389687]
   ...
   [-0.04483306 -0.04483989 -0.12361848 ... -0.13803322 -0.13838041
    -0.13838041]
   [-0.04486963 -0.04487647 -0.12389687 ... -0.13838041 -0.13872935
    -0.13872935]
   [-0.04486963 -0.04487647 -0.12389687 ... -0.13838041 -0.13872935
    -0.13872935]]

  [[-0.0267628  -0.02676523 -0.04319703 ... -0.04483306 -0.04486963
    -0.04486963]
   [-0.02676523 -0.02676766 -0.04320337 ... -0.04483989 -0.04487647
    -0.04487647]
   [-0.04319703 -0.04320337 -0.11192972 ... -0.12361848 -0.12389687
    -0.12389687]
   ...
   [-0.04483306 -0.04483989 -0.12361848 ... -0.13803322 -0.13838041
    -0.13838041]
   [-0.04486963 -0.04487647 -0.12389687 ... -0.13838041 -0.13872935
    -0.13872935]
   [-0.04486963 -0.04487647 -0.12389687 ... -0.13838041 -0.13872935
    -0.13872935]]

  [[-0.0265588  -0.02656119 -0.04266804 ... -0.04426351 -0.04429915
    -0.04429915]
   [-0.02656119 -0.02656359 -0.04267422 ... -0.04427016 -0.04430581
    -0.04430581]
   [-0.04266804 -0.04267422 -0.10844594 ... -0.11938287 -0.11964248
    -0.11964248]
   ...
   [-0.04426351 -0.04427016 -0.11938287 ... -0.13277322 -0.13309443
    -0.13309443]
   [-0.04429915 -0.04430581 -0.11964248 ... -0.13309443 -0.13341718
    -0.13341718]
   [-0.04429915 -0.04430581 -0.11964248 ... -0.13309443 -0.13341718
    -0.13341718]]]


 [[[-0.02894802 -0.02895087 -0.04919054 ... -0.05132327 -0.05137119
    -0.05137119]
   [-0.02895087 -0.02895372 -0.04919876 ... -0.05133222 -0.05138016
    -0.05138016]
   [-0.04919054 -0.04919876 -0.1635711  ... -0.18979737 -0.19045441
    -0.19045441]
   ...
   [-0.05132327 -0.05133222 -0.18979737 ... -0.22603956 -0.22697209
    -0.22697209]
   [-0.05137119 -0.05138016 -0.19045441 ... -0.22697209 -0.22791235
    -0.22791235]
   [-0.05137119 -0.05138016 -0.19045441 ... -0.22697209 -0.22791235
    -0.22791235]]

  [[-0.02894802 -0.02895087 -0.04919054 ... -0.05132327 -0.05137119
    -0.05137119]
   [-0.02895087 -0.02895372 -0.04919876 ... -0.05133222 -0.05138016
    -0.05138016]
   [-0.04919054 -0.04919876 -0.1635711  ... -0.18979737 -0.19045441
    -0.19045441]
   ...
   [-0.05132327 -0.05133222 -0.18979737 ... -0.22603956 -0.22697209
    -0.22697209]
   [-0.05137119 -0.05138016 -0.19045441 ... -0.22697209 -0.22791235
    -0.22791235]
   [-0.05137119 -0.05138016 -0.19045441 ... -0.22697209 -0.22791235
    -0.22791235]]

  [[-0.02860108 -0.02860386 -0.04819705 ... -0.05024271 -0.05028864
    -0.05028864]
   [-0.02860386 -0.02860663 -0.04820494 ... -0.05025129 -0.05029723
    -0.05029723]
   [-0.04819705 -0.04820494 -0.15307853 ... -0.17581421 -0.17637785
    -0.17637785]
   ...
   [-0.05024271 -0.05025129 -0.17581421 ... -0.20648146 -0.20725932
    -0.20725932]
   [-0.05028864 -0.05029723 -0.17637785 ... -0.20725932 -0.20804306
    -0.20804306]
   [-0.05028864 -0.05029723 -0.17637785 ... -0.20725932 -0.20804306
    -0.20804306]]

  ...

  [[-0.0267628  -0.02676523 -0.04319703 ... -0.04483306 -0.04486963
    -0.04486963]
   [-0.02676523 -0.02676766 -0.04320337 ... -0.04483989 -0.04487647
    -0.04487647]
   [-0.04319703 -0.04320337 -0.11192972 ... -0.12361848 -0.12389687
    -0.12389687]
   ...
   [-0.04483306 -0.04483989 -0.12361848 ... -0.13803322 -0.13838041
    -0.13838041]
   [-0.04486963 -0.04487647 -0.12389687 ... -0.13838041 -0.13872935
    -0.13872935]
   [-0.04486963 -0.04487647 -0.12389687 ... -0.13838041 -0.13872935
    -0.13872935]]

  [[-0.0267628  -0.02676523 -0.04319703 ... -0.04483306 -0.04486963
    -0.04486963]
   [-0.02676523 -0.02676766 -0.04320337 ... -0.04483989 -0.04487647
    -0.04487647]
   [-0.04319703 -0.04320337 -0.11192972 ... -0.12361848 -0.12389687
    -0.12389687]
   ...
   [-0.04483306 -0.04483989 -0.12361848 ... -0.13803322 -0.13838041
    -0.13838041]
   [-0.04486963 -0.04487647 -0.12389687 ... -0.13838041 -0.13872935
    -0.13872935]
   [-0.04486963 -0.04487647 -0.12389687 ... -0.13838041 -0.13872935
    -0.13872935]]

  [[-0.0265588  -0.02656119 -0.04266804 ... -0.04426351 -0.04429915
    -0.04429915]
   [-0.02656119 -0.02656359 -0.04267422 ... -0.04427016 -0.04430581
    -0.04430581]
   [-0.04266804 -0.04267422 -0.10844594 ... -0.11938287 -0.11964248
    -0.11964248]
   ...
   [-0.04426351 -0.04427016 -0.11938287 ... -0.13277322 -0.13309443
    -0.13309443]
   [-0.04429915 -0.04430581 -0.11964248 ... -0.13309443 -0.13341718
    -0.13341718]
   [-0.04429915 -0.04430581 -0.11964248 ... -0.13309443 -0.13341718
    -0.13341718]]]


 [[[-0.0287095  -0.0287123  -0.04850574 ... -0.05057825 -0.05062479
    -0.05062479]
   [-0.0287123  -0.0287151  -0.04851373 ... -0.05058694 -0.05063349
    -0.05063349]
   [-0.04850574 -0.04851373 -0.15623644 ... -0.17999263 -0.18058343
    -0.18058343]
   ...
   [-0.05057825 -0.05058694 -0.17999263 ... -0.21226868 -0.21309084
    -0.21309084]
   [-0.05062479 -0.05063349 -0.18058343 ... -0.21309084 -0.21391939
    -0.21391939]
   [-0.05062479 -0.05063349 -0.18058343 ... -0.21309084 -0.21391939
    -0.21391939]]

  [[-0.0287095  -0.0287123  -0.04850574 ... -0.05057825 -0.05062479
    -0.05062479]
   [-0.0287123  -0.0287151  -0.04851373 ... -0.05058694 -0.05063349
    -0.05063349]
   [-0.04850574 -0.04851373 -0.15623644 ... -0.17999263 -0.18058343
    -0.18058343]
   ...
   [-0.05057825 -0.05058694 -0.17999263 ... -0.21226868 -0.21309084
    -0.21309084]
   [-0.05062479 -0.05063349 -0.18058343 ... -0.21309084 -0.21391939
    -0.21391939]
   [-0.05062479 -0.05063349 -0.18058343 ... -0.21309084 -0.21391939
    -0.21391939]]

  [[-0.02836821 -0.02837094 -0.04753945 ... -0.04952851 -0.04957314
    -0.04957314]
   [-0.02837094 -0.02837368 -0.04754712 ... -0.04953684 -0.04958149
    -0.04958149]
   [-0.04753945 -0.04754712 -0.14663614 ... -0.16736882 -0.16787953
    -0.16787953]
   ...
   [-0.04952851 -0.04953684 -0.16736882 ... -0.19492964 -0.19562275
    -0.19562275]
   [-0.04957314 -0.04958149 -0.16787953 ... -0.19562275 -0.19632081
    -0.19632081]
   [-0.04957314 -0.04958149 -0.16787953 ... -0.19562275 -0.19632081
    -0.19632081]]

  ...

  [[-0.0265588  -0.02656119 -0.04266804 ... -0.04426351 -0.04429915
    -0.04429915]
   [-0.02656119 -0.02656359 -0.04267422 ... -0.04427016 -0.04430581
    -0.04430581]
   [-0.04266804 -0.04267422 -0.10844594 ... -0.11938287 -0.11964248
    -0.11964248]
   ...
   [-0.04426351 -0.04427016 -0.11938287 ... -0.13277322 -0.13309443
    -0.13309443]
   [-0.04429915 -0.04430581 -0.11964248 ... -0.13309443 -0.13341718
    -0.13341718]
   [-0.04429915 -0.04430581 -0.11964248 ... -0.13309443 -0.13341718
    -0.13341718]]

  [[-0.0265588  -0.02656119 -0.04266804 ... -0.04426351 -0.04429915
    -0.04429915]
   [-0.02656119 -0.02656359 -0.04267422 ... -0.04427016 -0.04430581
    -0.04430581]
   [-0.04266804 -0.04267422 -0.10844594 ... -0.11938287 -0.11964248
    -0.11964248]
   ...
   [-0.04426351 -0.04427016 -0.11938287 ... -0.13277322 -0.13309443
    -0.13309443]
   [-0.04429915 -0.04430581 -0.11964248 ... -0.13309443 -0.13341718
    -0.13341718]
   [-0.04429915 -0.04430581 -0.11964248 ... -0.13309443 -0.13341718
    -0.13341718]]

  [[-0.02635788 -0.02636024 -0.04215185 ... -0.04370824 -0.04374299
    -0.04374299]
   [-0.02636024 -0.0263626  -0.04215788 ... -0.04371473 -0.04374949
    -0.04374949]
   [-0.04215185 -0.04215788 -0.10517249 ... -0.11542789 -0.11567057
    -0.11567057]
   ...
   [-0.04370824 -0.04371473 -0.11542789 ... -0.12789939 -0.12819742
    -0.12819742]
   [-0.04374299 -0.04374949 -0.11567057 ... -0.12819742 -0.12849684
    -0.12849684]
   [-0.04374299 -0.04374949 -0.11567057 ... -0.12819742 -0.12849684
    -0.12849684]]]] (21, 21, 7, 7)
hf energy: -108.95408660474678
nuclear repulsion: 23.615376270296395
(28, 28, 28, 28)
initial energy: -132.5694628750433
    ==> CCSDT amplitude equations <==

     Iter              Corr. Energy                 |dE|    |dT|

there zww hi
still here
hi
        0      -0.310686666239       0.310686666239       2.469377833965

there zww hi
still here
hi
        1      -0.299761514339       0.010925151900       2.323007651562

there zww hi
still here
hi
        2      -0.308594660044       0.008833145705       2.350876504864

there zww hi
still here
hi
        3      -0.309074886800       0.000480226757       2.342213001374

there zww hi
still here
hi
        4      -0.310191585103       0.001116698302       2.341163470099

there zww hi
still here
hi
        5      -0.310145988592       0.000045596510       2.339275980060

there zww hi
still here
hi
        6      -0.310105078739       0.000040909853       2.339134408172

there zww hi
still here
hi
        7      -0.310107595030       0.000002516290       2.339155522891

there zww hi
still here
hi
        8      -0.310107710697       0.000000115667       2.339160373917

there zww hi
still here
hi
        9      -0.310107646830       0.000000063867       2.339159520565

there zww hi
still here
hi
       10      -0.310107643789       0.000000003040       2.339159484693

there zww hi
still here
hi
       11      -0.310107646525       0.000000002736       2.339159475347

there zww hi
still here
hi
       12      -0.310107646094       0.000000000431       2.339159468629

there zww hi
still here
hi
       13      -0.310107646016       0.000000000078       2.339159467439

there zww hi
still here
hi
       14      -0.310107646029       0.000000000013       2.339159467406

there zww hi
still here
hi
       15      -0.310107646030       0.000000000001       2.339159467382

there zww hi
still here
hi
       16      -0.310107646029       0.000000000001       2.339159467376








Final, total correlated energy: -109.26419425077609
Final CCD correlation contribution: -0.3101076460293086
