#INFO: **** input file is /blue/bartlett/z.windom/MOLSSI_develop/test/build_T2_interfaces/RECORDS/verify_spin_CCD/pyscfCode/F2_UHF/run_pyscf.py ****
import numpy as np
import pyscf
from pyscf import ao2mo


def main():
    """ Initialize calculation details, 2e- integrals, Fock matrix, etc """

    # run pyscf for some reason
    basis = 'augccpvdz'
    mol = pyscf.M(
        atom='F 0 0 0; F 0 0 {}'.format(6.000), #2.0749193),
        #atom='Be 0 0 0'
        verbose=5,
        unit='b',
        basis=basis)



    mf = mol.UHF()
    mf.run()
    orb=mf.mo_coeff
    print(np.shape(mf.get_hcore()))
    print(np.shape(orb))
    import run_ccd as run_ccd 
 
    run_ccd.ccd_main(mf,mol,orb)


main()
#INFO: ******************** input file end ********************


System: uname_result(system='Linux', node='c0712a-s5.ufhpc', release='3.10.0-1160.81.1.el7.x86_64', version='#1 SMP Thu Nov 24 12:21:22 UTC 2022', machine='x86_64', processor='x86_64')  Threads 8
Python 3.7.12 | packaged by conda-forge | (default, Oct 26 2021, 06:08:21) 
[GCC 9.4.0]
numpy 1.21.6  scipy 1.7.3
Date: Fri Jan 27 23:58:48 2023
PySCF version 2.1.1
PySCF path  /blue/bartlett/z.windom/MOLSSI_develop/T2method/new/pyscf
GIT ORIG_HEAD 41535e74b1de6eb21fc9b6a13c089d6cd55b35d7
GIT HEAD (branch master) ff882f83f5730ea5610d52cc5b88d278f9b71da7

[ENV] PYSCF_INC_DIR /home/z.windom/libxc-4.3.4
[CONFIG] conf_file /home/z.windom/.pyscf_conf.py
[INPUT] verbose = 5
[INPUT] max_memory = 4000 
[INPUT] num. atoms = 2
[INPUT] num. electrons = 18
[INPUT] charge = 0
[INPUT] spin (= nelec alpha-beta = 2S) = 0
[INPUT] symmetry False subgroup None
[INPUT] Mole.unit = b
[INPUT] Symbol           X                Y                Z      unit          X                Y                Z       unit  Magmom
[INPUT]  1 F      0.000000000000   0.000000000000   0.000000000000 AA    0.000000000000   0.000000000000   0.000000000000 Bohr   0.0
[INPUT]  2 F      0.000000000000   0.000000000000   3.175063265520 AA    0.000000000000   0.000000000000   6.000000000000 Bohr   0.0
[INPUT] ---------------- BASIS SET ---------------- 
[INPUT] l, kappa, [nprim/nctr], expnt,             c_1 c_2 ...
[INPUT] F
[INPUT] 0    0    [8    /2   ]  14710             0.000721 -0.000165
                                2207              0.005553 -0.001308
                                502.8             0.028267 -0.006495
                                142.6             0.106444 -0.026691
                                46.47             0.286814 -0.07369
                                16.7              0.448641 -0.170776
                                6.356             0.264761 -0.112327
                                1.316             0.015333 0.562814
[INPUT] 0    0    [1    /1   ]  0.3897               1
[INPUT] 0    0    [1    /1   ]  0.09863              1
[INPUT] 1    0    [3    /1   ]  22.67             0.044878
                                4.977             0.235718
                                1.347             0.508521
[INPUT] 1    0    [1    /1   ]  0.3471               1
[INPUT] 1    0    [1    /1   ]  0.08502              1
[INPUT] 2    0    [1    /1   ]  1.64                 1
[INPUT] 2    0    [1    /1   ]  0.464                1

nuclear repulsion = 13.5
number of shells = 16
number of NR pGTOs = 70
number of NR cGTOs = 46
basis = augccpvdz
ecp = {}
CPU time:         0.89


******** <class 'pyscf.scf.uhf.UHF'> ********
method = UHF
initial guess = minao
damping factor = 0
level_shift factor = 0
DIIS = <class 'pyscf.scf.diis.CDIIS'>
diis_start_cycle = 1
diis_space = 8
SCF conv_tol = 1e-09
SCF conv_tol_grad = None
SCF max_cycles = 50
direct_scf = True
direct_scf_tol = 1e-13
chkfile to save SCF result = /scratch/local/56038742/tmpfd0fm6zv
max_memory 4000 MB (current use 85 MB)
number electrons alpha = 9  beta = 9
Set gradient conv threshold to 3.16228e-05
E1 = -305.0047544258937  Ecoul = 93.44926713301714
init E= -198.055487292877
cond(S) = 40.027373963707994
    CPU time for initialize scf      0.13 sec, wall time      0.02 sec
  alpha nocc = 9  HOMO = -0.606750585792344  LUMO = -0.598046482085127
  beta  nocc = 9  HOMO = -0.606702111183676  LUMO = -0.598107449792737
  alpha mo_energy =
[-26.41236758 -26.41236509  -1.59790556  -1.59536229  -0.61911264
  -0.61040753  -0.61040753  -0.60675059  -0.60675059  -0.59804648
   0.19976579   0.21167841   0.21358743   0.21358743   0.26874292
   0.27304619   0.27304619   0.41432598   1.26505977   1.29523483
   1.29523483   1.30469889   1.30469889   1.30654304   1.30654304
   1.32058898   1.32058898   1.40213252   1.59941051   1.59941051
   1.60191886   1.61666406   1.61666406   1.65756588   2.21459346
   2.32360454   4.73784401   4.75844148   4.75844148   4.76401219
   4.76401219   4.76510492   4.76510492   4.77548862   4.77548862
   4.84047289]
  beta  mo_energy =
[-26.41239465 -26.41238842  -1.59774906  -1.59518828  -0.61886102
  -0.61037446  -0.61037446  -0.60670211  -0.60670211  -0.59810745
   0.19982281   0.2116739    0.21359825   0.21359825   0.26875671
   0.27304921   0.27304921   0.41433031   1.26517123   1.29526812
   1.29526812   1.30471139   1.30471139   1.30655485   1.30655485
   1.32060112   1.32060112   1.40209156   1.5994189    1.5994189
   1.60193333   1.61667002   1.61667002   1.65758218   2.2146062
   2.32361148   4.737848     4.75844973   4.75844973   4.76402051
   4.76402051   4.76511348   4.76511348   4.77549934   4.77549934
   4.84048993]
multiplicity <S^2> = 2.1236551e-07  2S+1 = 1.0000004
E1 = -303.97828666032103  Ecoul = 92.08399396771776
cycle= 1 E= -198.394292692603  delta_E= -0.339  |g|= 0.16  |ddm|= 0.863
    CPU time for cycle= 1      0.04 sec, wall time      0.00 sec
  alpha nocc = 9  HOMO = -0.517110225822868  LUMO = -0.328412888065019
  beta  nocc = 9  HOMO = -0.517135790044087  LUMO = -0.328471154873414
  alpha mo_energy =
[-26.53653121 -26.53650651  -1.64239276  -1.63814385  -0.76132487
  -0.76132487  -0.75962906  -0.75962906  -0.51711023  -0.32841289
   0.19611893   0.20941184   0.2113659    0.2113659    0.26935379
   0.27202176   0.27202176   0.41565284   1.24596899   1.28042212
   1.28042212   1.30274276   1.30274276   1.30457907   1.30457907
   1.30724445   1.30724445   1.38081131   1.56916972   1.56916972
   1.58386431   1.58647768   1.58647768   1.6392535    2.18485064
   2.29954421   4.68358866   4.71223865   4.71223865   4.72946027
   4.72946027   4.74217338   4.74217338   4.74328182   4.74328182
   4.78646828]
  beta  mo_energy =
[-26.53654278 -26.53651807  -1.6424218   -1.63817345  -0.76133966
  -0.76133966  -0.75964385  -0.75964385  -0.51713579  -0.32847115
   0.19612521   0.20941027   0.21136869   0.21136869   0.2693463
   0.27202096   0.27202096   0.41565108   1.24598388   1.28042957
   1.28042957   1.30274475   1.30274475   1.30458071   1.30458071
   1.30725112   1.30725112   1.38081736   1.56916617   1.56916617
   1.58383814   1.58647279   1.58647279   1.63922962   2.18484271
   2.29953527   4.68357159   4.71222418   4.71222418   4.72944609
   4.72944609   4.74216639   4.74216639   4.74327489   4.74327489
   4.7864525 ]
multiplicity <S^2> = 3.4531695e-08  2S+1 = 1.0000001
E1 = -304.785779924928  Ecoul = 92.87397815140956
cycle= 2 E= -198.411801773518  delta_E= -0.0175  |g|= 0.0574  |ddm|= 0.129
    CPU time for cycle= 2      0.03 sec, wall time      0.00 sec
  alpha nocc = 9  HOMO = -0.477538841894794  LUMO = -0.284877095209225
  beta  nocc = 9  HOMO = -0.47755579866196  LUMO = -0.284908513370655
  alpha mo_energy =
[-26.44481855 -26.4447956   -1.60685683  -1.60240661  -0.7340037
  -0.7340037   -0.73228095  -0.73228095  -0.47753884  -0.2848771
   0.20170341   0.21328856   0.21368225   0.21368225   0.27380593
   0.27380593   0.27758968   0.42153309   1.25741684   1.29224211
   1.29224211   1.31561825   1.31561825   1.3174541    1.3174541
   1.31967042   1.31967042   1.39396485   1.59051554   1.59051554
   1.60752456   1.60752456   1.61595      1.67087008   2.21032058
   2.32465391   4.71795258   4.74644204   4.74644204   4.76359352
   4.76359352   4.77617857   4.77617857   4.77728486   4.77728486
   4.82046605]
  beta  mo_energy =
[-26.44482464 -26.44480169  -1.60687137  -1.60242125  -0.734012
  -0.734012    -0.73228955  -0.73228955  -0.4775558   -0.28490851
   0.20170672   0.21328837   0.21368322   0.21368322   0.27380548
   0.27380548   0.27758541   0.42153205   1.25742286   1.29224548
   1.29224548   1.31562034   1.31562034   1.31745609   1.31745609
   1.31967383   1.31967383   1.39396791   1.59051253   1.59051253
   1.60752074   1.60752074   1.61593711   1.67085814   2.21031578
   2.32464877   4.71794331   4.74643411   4.74643411   4.76358569
   4.76358569   4.77617464   4.77617464   4.77728094   4.77728094
   4.82045723]
multiplicity <S^2> = 7.8266194e-09  2S+1 = 1
E1 = -304.43103667010666  Ecoul = 92.5167561230929
cycle= 3 E= -198.414280547014  delta_E= -0.00248  |g|= 0.0269  |ddm|= 0.0554
    CPU time for cycle= 3      0.03 sec, wall time      0.00 sec
  alpha nocc = 9  HOMO = -0.482112844348569  LUMO = -0.28790903667205
  beta  nocc = 9  HOMO = -0.482123281354387  LUMO = -0.287922118284745
  alpha mo_energy =
[-26.47196968 -26.47194827  -1.61673651  -1.61220235  -0.74629855
  -0.74629855  -0.74463521  -0.74463521  -0.48211284  -0.28790904
   0.20092972   0.21250181   0.21308975   0.21308975   0.27294776
   0.27294776   0.27839515   0.42145192   1.25431259   1.2892167
   1.2892167    1.31301999   1.31301999   1.31485441   1.31485441
   1.31689677   1.31689677   1.39121765   1.58269854   1.58269854
   1.59961466   1.59961466   1.61122349   1.66608631   2.20351569
   2.31793213   4.70810376   4.73658997   4.73658997   4.75375319
   4.75375319   4.7663452    4.7663452    4.76745441   4.76745441
   4.81069477]
  beta  mo_energy =
[-26.47197219 -26.47195078  -1.61674213  -1.61220794  -0.74630262
  -0.74630262  -0.74463952  -0.74463952  -0.48212328  -0.28792212
   0.20093168   0.21250206   0.21308994   0.21308994   0.27294755
   0.27294755   0.27839447   0.42145162   1.25431396   1.28921772
   1.28921772   1.31302144   1.31302144   1.31485586   1.31485586
   1.31689801   1.31689801   1.3912187    1.58269662   1.58269662
   1.59961239   1.59961239   1.61121951   1.66608275   2.20351356
   2.31793003   4.70810002   4.73658669   4.73658669   4.75374993
   4.75374993   4.76634338   4.76634338   4.76745259   4.76745259
   4.81069109]
multiplicity <S^2> = 8.9946361e-10  2S+1 = 1
E1 = -304.551874662919  Ecoul = 92.637144767425
cycle= 4 E= -198.414729895494  delta_E= -0.000449  |g|= 0.00174  |ddm|= 0.0259
    CPU time for cycle= 4      0.03 sec, wall time      0.00 sec
  alpha nocc = 9  HOMO = -0.482037522143987  LUMO = -0.287806887919887
  beta  nocc = 9  HOMO = -0.482039914129887  LUMO = -0.28781109752976
  alpha mo_energy =
[-26.47192382 -26.47190247  -1.61719096  -1.6126412   -0.74679841
  -0.74679841  -0.74514136  -0.74514136  -0.48203752  -0.28780689
   0.20062701   0.21230652   0.21293833   0.21293833   0.27279435
   0.27279435   0.27822738   0.42132845   1.25390237   1.28880551
   1.28880551   1.31258815   1.31258815   1.31442373   1.31442373
   1.31648619   1.31648619   1.3908217    1.58219262   1.58219262
   1.59911761   1.59911761   1.61080159   1.66563273   2.20305537
   2.31745582   4.70746981   4.73595306   4.73595306   4.75311872
   4.75311872   4.76570527   4.76570527   4.76681474   4.76681474
   4.81006512]
  beta  mo_energy =
[-26.47192496 -26.47190361  -1.61719325  -1.61264362  -0.74680045
  -0.74680045  -0.74514343  -0.74514343  -0.48203991  -0.2878111
   0.20062734   0.21230673   0.2129384    0.2129384    0.27279423
   0.27279423   0.27822686   0.42132825   1.25390301   1.28880606
   1.28880606   1.31258879   1.31258879   1.31442436   1.31442436
   1.31648675   1.31648675   1.39082208   1.58219168   1.58219168
   1.59911658   1.59911658   1.6108001    1.66563135   2.20305448
   2.31745499   4.70746843   4.73595181   4.73595181   4.75311748
   4.75311748   4.76570438   4.76570438   4.76681386   4.76681386
   4.81006379]
multiplicity <S^2> = 1.4762769e-10  2S+1 = 1
E1 = -304.55147206568154  Ecoul = 92.63673763425184
cycle= 5 E= -198.41473443143  delta_E= -4.54e-06  |g|= 0.000254  |ddm|= 0.00364
    CPU time for cycle= 5      0.04 sec, wall time      0.00 sec
  alpha nocc = 9  HOMO = -0.48206394309408  LUMO = -0.28778183838676
  beta  nocc = 9  HOMO = -0.482065005623422  LUMO = -0.287783779660726
  alpha mo_energy =
[-26.47189099 -26.47186964  -1.61717798  -1.61263074  -0.74677647
  -0.74677647  -0.7451176   -0.7451176   -0.48206394  -0.28778184
   0.20065469   0.21228177   0.21296732   0.21296732   0.27281058
   0.27281058   0.27825818   0.42136347   1.25393053   1.28882661
   1.28882661   1.31260857   1.31260857   1.31444434   1.31444434
   1.31651723   1.31651723   1.39086055   1.58223583   1.58223583
   1.59915136   1.59915136   1.61081137   1.66564944   2.20308568
   2.31748114   4.7075013    4.73598434   4.73598434   4.75314982
   4.75314982   4.7657363    4.7657363    4.76684576   4.76684576
   4.81009676]
  beta  mo_energy =
[-26.47189154 -26.47187019  -1.61717911  -1.61263194  -0.7467775
  -0.7467775   -0.74511865  -0.74511865  -0.48206501  -0.28778378
   0.20065486   0.21228188   0.21296734   0.21296734   0.27281052
   0.27281052   0.27825799   0.42136336   1.25393087   1.28882688
   1.28882688   1.31260887   1.31260887   1.31444465   1.31444465
   1.3165175    1.3165175    1.39086074   1.58223536   1.58223536
   1.59915085   1.59915085   1.61081075   1.66564888   2.20308523
   2.31748073   4.70750067   4.73598375   4.73598375   4.75314924
   4.75314924   4.76573584   4.76573584   4.7668453    4.7668453
   4.81009615]
multiplicity <S^2> = 3.6337156e-11  2S+1 = 1
E1 = -304.5506938699447  Ecoul = 92.63595934555116
cycle= 6 E= -198.414734524394  delta_E= -9.3e-08  |g|= 5.92e-05  |ddm|= 0.000526
    CPU time for cycle= 6      0.06 sec, wall time      0.01 sec
  alpha nocc = 9  HOMO = -0.482068390883453  LUMO = -0.287776607825853
  beta  nocc = 9  HOMO = -0.482068791129486  LUMO = -0.287777407862952
  alpha mo_energy =
[-26.47188805 -26.4718667   -1.61717718  -1.61262888  -0.74676903
  -0.74676903  -0.74510987  -0.74510987  -0.48206839  -0.28777661
   0.20065809   0.21227998   0.21297113   0.21297113   0.2728136
   0.2728136    0.27826015   0.42136728   1.25393569   1.28883202
   1.28883202   1.31261362   1.31261362   1.31444944   1.31444944
   1.31652244   1.31652244   1.39086575   1.58224273   1.58224273
   1.59915856   1.59915856   1.61081579   1.66565429   2.20308776
   2.31748409   4.70750747   4.73599054   4.73599054   4.75315609
   4.75315609   4.76574311   4.76574311   4.76685257   4.76685257
   4.81010281]
  beta  mo_energy =
[-26.47188829 -26.47186694  -1.61717767  -1.6126294   -0.7467695
  -0.7467695   -0.74511034  -0.74511034  -0.48206879  -0.28777741
   0.20065816   0.21228004   0.21297114   0.21297114   0.27281358
   0.27281358   0.27826008   0.42136723   1.25393584   1.28883213
   1.28883213   1.31261376   1.31261376   1.31444957   1.31444957
   1.31652256   1.31652256   1.39086582   1.58224252   1.58224252
   1.59915833   1.59915833   1.61081555   1.66565409   2.20308755
   2.3174839    4.70750722   4.73599029   4.73599029   4.75315585
   4.75315585   4.7657429    4.7657429    4.76685236   4.76685236
   4.81010256]
multiplicity <S^2> = 7.6578743e-12  2S+1 = 1
E1 = -304.55064692482284  Ecoul = 92.63591239619768
cycle= 7 E= -198.414734528625  delta_E= -4.23e-09  |g|= 7.58e-06  |ddm|= 0.000131
    CPU time for cycle= 7      0.06 sec, wall time      0.01 sec
  alpha nocc = 9  HOMO = -0.482067768143359  LUMO = -0.287776845115267
  beta  nocc = 9  HOMO = -0.48206792831633  LUMO = -0.287777208345806
  alpha mo_energy =
[-26.47189043 -26.47186908  -1.61717857  -1.61263011  -0.74676965
  -0.74676965  -0.74511055  -0.74511055  -0.48206777  -0.28777685
   0.20065764   0.21227907   0.21297078   0.21297078   0.2728131
   0.2728131    0.27825874   0.4213672    1.25393496   1.28883137
   1.28883137   1.31261303   1.31261303   1.31444885   1.31444885
   1.31652194   1.31652194   1.39086523   1.5822411    1.5822411
   1.59915681   1.59915681   1.61081404   1.66565224   2.20308648
   2.31748291   4.70750551   4.73598861   4.73598861   4.75315419
   4.75315419   4.76574128   4.76574128   4.76685074   4.76685074
   4.8101009 ]
  beta  mo_energy =
[-26.47189054 -26.47186919  -1.61717879  -1.61263036  -0.74676987
  -0.74676987  -0.74511077  -0.74511077  -0.48206793  -0.28777721
   0.20065766   0.2122791    0.21297078   0.21297078   0.27281309
   0.27281309   0.27825871   0.42136718   1.25393503   1.28883142
   1.28883142   1.31261309   1.31261309   1.31444891   1.31444891
   1.316522     1.316522     1.39086526   1.58224101   1.58224101
   1.5991567    1.5991567    1.61081393   1.66565215   2.20308638
   2.31748282   4.7075054    4.7359885    4.7359885    4.75315408
   4.75315408   4.76574118   4.76574118   4.76685064   4.76685064
   4.81010078]
multiplicity <S^2> = 1.8900437e-12  2S+1 = 1
E1 = -304.55068742854417  Ecoul = 92.63595289987651
cycle= 8 E= -198.414734528668  delta_E= -4.25e-11  |g|= 1.67e-06  |ddm|= 9.42e-06
    CPU time for cycle= 8      0.06 sec, wall time      0.01 sec
  alpha nocc = 9  HOMO = -0.482067678844161  LUMO = -0.287776586310731
  beta  nocc = 9  HOMO = -0.482067767644133  LUMO = -0.287776794922292
  alpha mo_energy =
[-26.47188923 -26.47186787  -1.61717785  -1.61262937  -0.74676913
  -0.74676913  -0.74511003  -0.74511003  -0.48206768  -0.28777659
   0.20065784   0.21227934   0.21297086   0.21297086   0.27281322
   0.27281322   0.27825898   0.42136726   1.25393531   1.28883173
   1.28883173   1.31261338   1.31261338   1.3144492    1.3144492
   1.31652226   1.31652226   1.39086554   1.58224164   1.58224164
   1.59915738   1.59915738   1.61081467   1.66565291   2.20308705
   2.31748348   4.70750629   4.73598939   4.73598939   4.75315496
   4.75315496   4.76574204   4.76574204   4.7668515    4.7668515
   4.81010167]
  beta  mo_energy =
[-26.47188929 -26.47186794  -1.61717798  -1.61262951  -0.74676926
  -0.74676926  -0.74511015  -0.74511015  -0.48206777  -0.28777679
   0.20065786   0.21227936   0.21297086   0.21297086   0.27281321
   0.27281321   0.27825897   0.42136724   1.25393535   1.28883176
   1.28883176   1.31261342   1.31261342   1.31444924   1.31444924
   1.31652229   1.31652229   1.39086556   1.58224158   1.58224158
   1.59915732   1.59915732   1.61081462   1.66565286   2.203087
   2.31748343   4.70750623   4.73598932   4.73598932   4.7531549
   4.7531549    4.76574198   4.76574198   4.76685144   4.76685144
   4.8101016 ]
multiplicity <S^2> = 6.625811e-13  2S+1 = 1
E1 = -304.55067928289867  Ecoul = 92.63594475422933
Extra cycle  E= -198.414734528669  delta_E= -1.68e-12  |g|= 5.96e-07  |ddm|= 1.45e-06
    CPU time for scf_cycle      0.55 sec, wall time      0.08 sec
    CPU time for SCF      0.55 sec, wall time      0.08 sec
converged SCF energy = -198.414734528669  <S^2> = 6.625811e-13  2S+1 = 1
(46, 46)
(2, 46, 46)
mo energy: (46,)
total 2e- integral energy: 92.63594475422954
(46, 46, 46, 46)
final rhf/uhf energy: -198.4147345286695
slice(None, 9, None) slice(9, None, None)
eabij_aa: [[[[-0.01909555 -0.01909556 -0.03634578 ... -0.0375355  -0.0375355
    -0.0379098 ]
   [-0.01909556 -0.01909556 -0.0363458  ... -0.03753553 -0.03753553
    -0.03790983]
   [-0.03634578 -0.0363458  -0.37610916 ... -0.55968018 -0.55968018
    -0.65630046]
   ...
   [-0.0375355  -0.03753553 -0.55968018 ... -1.09329421 -1.09329421
    -1.53462608]
   [-0.0375355  -0.03753553 -0.55968018 ... -1.09329421 -1.09329421
    -1.53462608]
   [-0.0379098  -0.03790983 -0.65630046 ... -1.53462608 -1.53462608
    -2.57345817]]

  [[-0.01891909 -0.0189191  -0.0357118  ... -0.03685973 -0.03685973
    -0.03722061]
   [-0.0189191  -0.01891911 -0.03571183 ... -0.03685976 -0.03685976
    -0.03722064]
   [-0.0357118  -0.03571183 -0.31773902 ... -0.43952776 -0.43952776
    -0.49698657]
   ...
   [-0.03685973 -0.03685976 -0.43952776 ... -0.71270691 -0.71270691
    -0.87714762]
   [-0.03685973 -0.03685976 -0.43952776 ... -0.71270691 -0.71270691
    -0.87714762]
   [-0.03722061 -0.03722064 -0.49698657 ... -0.87714762 -0.87714762
    -1.14022926]]

  [[-0.01891493 -0.01891494 -0.03569699 ... -0.03684394 -0.03684394
    -0.03720451]
   [-0.01891494 -0.01891495 -0.03569701 ... -0.03684397 -0.03684397
    -0.03720454]
   [-0.03569699 -0.03569701 -0.31657006 ... -0.43729408 -0.43729408
    -0.4941326 ]
   ...
   [-0.03684394 -0.03684397 -0.43729408 ... -0.70685225 -0.70685225
    -0.8682964 ]
   [-0.03684394 -0.03684397 -0.43729408 ... -0.70685225 -0.70685225
    -0.8682964 ]
   [-0.03720451 -0.03720454 -0.4941326  ... -0.8682964  -0.8682964
    -1.12531748]]

  ...

  [[-0.01741467 -0.01741468 -0.03070485 ... -0.03154965 -0.03154965
    -0.03181367]
   [-0.01741468 -0.01741468 -0.03070487 ... -0.03154967 -0.03154967
    -0.03181369]
   [-0.03070485 -0.03070487 -0.129644   ... -0.14616971 -0.14616971
    -0.15201449]
   ...
   [-0.03154965 -0.03154967 -0.14616971 ... -0.16752397 -0.16752397
    -0.17524636]
   [-0.03154965 -0.03154967 -0.14616971 ... -0.16752397 -0.16752397
    -0.17524636]
   [-0.03181367 -0.03181369 -0.15201449 ... -0.17524636 -0.17524636
    -0.18371511]]

  [[-0.01741467 -0.01741468 -0.03070485 ... -0.03154965 -0.03154965
    -0.03181367]
   [-0.01741468 -0.01741468 -0.03070487 ... -0.03154967 -0.03154967
    -0.03181369]
   [-0.03070485 -0.03070487 -0.129644   ... -0.14616971 -0.14616971
    -0.15201449]
   ...
   [-0.03154965 -0.03154967 -0.14616971 ... -0.16752397 -0.16752397
    -0.17524636]
   [-0.03154965 -0.03154967 -0.14616971 ... -0.16752397 -0.16752397
    -0.17524636]
   [-0.03181367 -0.03181369 -0.15201449 ... -0.17524636 -0.17524636
    -0.18371511]]

  [[-0.01740156 -0.01740157 -0.03066413 ... -0.03150666 -0.03150666
    -0.03176995]
   [-0.01740157 -0.01740158 -0.03066415 ... -0.03150668 -0.03150668
    -0.03176997]
   [-0.03066413 -0.03066415 -0.12892112 ... -0.14525145 -0.14525145
    -0.15102157]
   ...
   [-0.03150666 -0.03150668 -0.14525145 ... -0.16631892 -0.16631892
    -0.17392808]
   [-0.03150666 -0.03150668 -0.14525145 ... -0.16631892 -0.16631892
    -0.17392808]
   [-0.03176995 -0.03176997 -0.15102157 ... -0.17392808 -0.17392808
    -0.18226688]]]


 [[[-0.01891909 -0.0189191  -0.0357118  ... -0.03685973 -0.03685973
    -0.03722061]
   [-0.0189191  -0.01891911 -0.03571183 ... -0.03685976 -0.03685976
    -0.03722064]
   [-0.0357118  -0.03571183 -0.31773902 ... -0.43952776 -0.43952776
    -0.49698657]
   ...
   [-0.03685973 -0.03685976 -0.43952776 ... -0.71270691 -0.71270691
    -0.87714762]
   [-0.03685973 -0.03685976 -0.43952776 ... -0.71270691 -0.71270691
    -0.87714762]
   [-0.03722061 -0.03722064 -0.49698657 ... -0.87714762 -0.87714762
    -1.14022926]]

  [[-0.01874587 -0.01874587 -0.03509956 ... -0.03620786 -0.03620786
    -0.03655602]
   [-0.01874587 -0.01874588 -0.03509959 ... -0.03620789 -0.03620789
    -0.03655605]
   [-0.03509956 -0.03509959 -0.27505236 ... -0.3618464  -0.3618464
    -0.39991023]
   ...
   [-0.03620786 -0.03620789 -0.3618464  ... -0.52867095 -0.52867095
    -0.61406451]
   [-0.03620786 -0.03620789 -0.3618464  ... -0.52867095 -0.52867095
    -0.61406451]
   [-0.03655602 -0.03655605 -0.39991023 ... -0.61406451 -0.61406451
    -0.73235874]]

  [[-0.01874178 -0.01874179 -0.03508525 ... -0.03619263 -0.03619263
    -0.0365405 ]
   [-0.01874179 -0.0187418  -0.03508528 ... -0.03619266 -0.03619266
    -0.03654053]
   [-0.03508525 -0.03508528 -0.27417595 ... -0.36033114 -0.36033114
    -0.39806022]
   ...
   [-0.03619263 -0.03619266 -0.36033114 ... -0.52544266 -0.52544266
    -0.60971339]
   [-0.03619263 -0.03619266 -0.36033114 ... -0.52544266 -0.52544266
    -0.60971339]
   [-0.0365405  -0.03654053 -0.39806022 ... -0.60971339 -0.60971339
    -0.72617816]]

  ...

  [[-0.01726779 -0.0172678  -0.03025117 ... -0.03107085 -0.03107085
    -0.03132688]
   [-0.0172678  -0.0172678  -0.03025119 ... -0.03107087 -0.03107087
    -0.0313269 ]
   [-0.03025117 -0.03025119 -0.12192349 ... -0.13642942 -0.13642942
    -0.14150767]
   ...
   [-0.03107085 -0.03107087 -0.13642942 ... -0.15485319 -0.15485319
    -0.16142866]
   [-0.03107085 -0.03107087 -0.13642942 ... -0.15485319 -0.15485319
    -0.16142866]
   [-0.03132688 -0.0313269  -0.14150767 ... -0.16142866 -0.16142866
    -0.16858731]]

  [[-0.01726779 -0.0172678  -0.03025117 ... -0.03107085 -0.03107085
    -0.03132688]
   [-0.0172678  -0.0172678  -0.03025119 ... -0.03107087 -0.03107087
    -0.0313269 ]
   [-0.03025117 -0.03025119 -0.12192349 ... -0.13642942 -0.13642942
    -0.14150767]
   ...
   [-0.03107085 -0.03107087 -0.13642942 ... -0.15485319 -0.15485319
    -0.16142866]
   [-0.03107085 -0.03107087 -0.13642942 ... -0.15485319 -0.15485319
    -0.16142866]
   [-0.03132688 -0.0313269  -0.14150767 ... -0.16142866 -0.16142866
    -0.16858731]]

  [[-0.0172549  -0.01725491 -0.03021164 ... -0.03102915 -0.03102915
    -0.03128449]
   [-0.01725491 -0.01725492 -0.03021166 ... -0.03102917 -0.03102917
    -0.03128452]
   [-0.03021164 -0.03021166 -0.12128393 ... -0.13562913 -0.13562913
    -0.14064688]
   ...
   [-0.03102915 -0.03102917 -0.13562913 ... -0.15382297 -0.15382297
    -0.1603094 ]
   [-0.03102915 -0.03102917 -0.13562913 ... -0.15382297 -0.15382297
    -0.1603094 ]
   [-0.03128449 -0.03128452 -0.14064688 ... -0.1603094  -0.1603094
    -0.16736696]]]


 [[[-0.01891493 -0.01891494 -0.03569699 ... -0.03684394 -0.03684394
    -0.03720451]
   [-0.01891494 -0.01891495 -0.03569701 ... -0.03684397 -0.03684397
    -0.03720454]
   [-0.03569699 -0.03569701 -0.31657006 ... -0.43729408 -0.43729408
    -0.4941326 ]
   ...
   [-0.03684394 -0.03684397 -0.43729408 ... -0.70685225 -0.70685225
    -0.8682964 ]
   [-0.03684394 -0.03684397 -0.43729408 ... -0.70685225 -0.70685225
    -0.8682964 ]
   [-0.03720451 -0.03720454 -0.4941326  ... -0.8682964  -0.8682964
    -1.12531748]]

  [[-0.01874178 -0.01874179 -0.03508525 ... -0.03619263 -0.03619263
    -0.0365405 ]
   [-0.01874179 -0.0187418  -0.03508528 ... -0.03619266 -0.03619266
    -0.03654053]
   [-0.03508525 -0.03508528 -0.27417595 ... -0.36033114 -0.36033114
    -0.39806022]
   ...
   [-0.03619263 -0.03619266 -0.36033114 ... -0.52544266 -0.52544266
    -0.60971339]
   [-0.03619263 -0.03619266 -0.36033114 ... -0.52544266 -0.52544266
    -0.60971339]
   [-0.0365405  -0.03654053 -0.39806022 ... -0.60971339 -0.60971339
    -0.72617816]]

  [[-0.0187377  -0.01873771 -0.03507095 ... -0.03617741 -0.03617741
    -0.03652499]
   [-0.01873771 -0.01873772 -0.03507098 ... -0.03617744 -0.03617744
    -0.03652502]
   [-0.03507095 -0.03507098 -0.27330511 ... -0.35882851 -0.35882851
    -0.39622725]
   ...
   [-0.03617741 -0.03617744 -0.35882851 ... -0.52225356 -0.52225356
    -0.60542349]
   [-0.03617741 -0.03617744 -0.35882851 ... -0.52225356 -0.52225356
    -0.60542349]
   [-0.03652499 -0.03652502 -0.39622725 ... -0.60542349 -0.60542349
    -0.72010103]]

  ...

  [[-0.01726433 -0.01726433 -0.03024054 ... -0.03105963 -0.03105963
    -0.03131548]
   [-0.01726433 -0.01726434 -0.03024055 ... -0.03105965 -0.03105965
    -0.0313155 ]
   [-0.03024054 -0.03024055 -0.12175098 ... -0.13621345 -0.13621345
    -0.14127534]
   ...
   [-0.03105963 -0.03105965 -0.13621345 ... -0.15457501 -0.15457501
    -0.16112638]
   [-0.03105963 -0.03105965 -0.13621345 ... -0.15457501 -0.15457501
    -0.16112638]
   [-0.03131548 -0.0313155  -0.14127534 ... -0.16112638 -0.16112638
    -0.16825765]]

  [[-0.01726433 -0.01726433 -0.03024054 ... -0.03105963 -0.03105963
    -0.03131548]
   [-0.01726433 -0.01726434 -0.03024055 ... -0.03105965 -0.03105965
    -0.0313155 ]
   [-0.03024054 -0.03024055 -0.12175098 ... -0.13621345 -0.13621345
    -0.14127534]
   ...
   [-0.03105963 -0.03105965 -0.13621345 ... -0.15457501 -0.15457501
    -0.16112638]
   [-0.03105963 -0.03105965 -0.13621345 ... -0.15457501 -0.15457501
    -0.16112638]
   [-0.03131548 -0.0313155  -0.14127534 ... -0.16112638 -0.16112638
    -0.16825765]]

  [[-0.01725144 -0.01725145 -0.03020103 ... -0.03101797 -0.03101797
    -0.03127312]
   [-0.01725145 -0.01725146 -0.03020105 ... -0.03101799 -0.03101799
    -0.03127315]
   [-0.03020103 -0.03020105 -0.12111322 ... -0.13541569 -0.13541569
    -0.14041736]
   ...
   [-0.03101797 -0.03101799 -0.13541569 ... -0.15354848 -0.15354848
    -0.1600113 ]
   [-0.03101797 -0.03101799 -0.13541569 ... -0.15354848 -0.15354848
    -0.1600113 ]
   [-0.03127312 -0.03127315 -0.14041736 ... -0.1600113  -0.1600113
    -0.16704206]]]


 ...


 [[[-0.01741467 -0.01741468 -0.03070485 ... -0.03154965 -0.03154965
    -0.03181367]
   [-0.01741468 -0.01741468 -0.03070487 ... -0.03154967 -0.03154967
    -0.03181369]
   [-0.03070485 -0.03070487 -0.129644   ... -0.14616971 -0.14616971
    -0.15201449]
   ...
   [-0.03154965 -0.03154967 -0.14616971 ... -0.16752397 -0.16752397
    -0.17524636]
   [-0.03154965 -0.03154967 -0.14616971 ... -0.16752397 -0.16752397
    -0.17524636]
   [-0.03181367 -0.03181369 -0.15201449 ... -0.17524636 -0.17524636
    -0.18371511]]

  [[-0.01726779 -0.0172678  -0.03025117 ... -0.03107085 -0.03107085
    -0.03132688]
   [-0.0172678  -0.0172678  -0.03025119 ... -0.03107087 -0.03107087
    -0.0313269 ]
   [-0.03025117 -0.03025119 -0.12192349 ... -0.13642942 -0.13642942
    -0.14150767]
   ...
   [-0.03107085 -0.03107087 -0.13642942 ... -0.15485319 -0.15485319
    -0.16142866]
   [-0.03107085 -0.03107087 -0.13642942 ... -0.15485319 -0.15485319
    -0.16142866]
   [-0.03132688 -0.0313269  -0.14150767 ... -0.16142866 -0.16142866
    -0.16858731]]

  [[-0.01726433 -0.01726433 -0.03024054 ... -0.03105963 -0.03105963
    -0.03131548]
   [-0.01726433 -0.01726434 -0.03024055 ... -0.03105965 -0.03105965
    -0.0313155 ]
   [-0.03024054 -0.03024055 -0.12175098 ... -0.13621345 -0.13621345
    -0.14127534]
   ...
   [-0.03105963 -0.03105965 -0.13621345 ... -0.15457501 -0.15457501
    -0.16112638]
   [-0.03105963 -0.03105965 -0.13621345 ... -0.15457501 -0.15457501
    -0.16112638]
   [-0.03131548 -0.0313155  -0.14127534 ... -0.16112638 -0.16112638
    -0.16825765]]

  ...

  [[-0.01600577 -0.01600577 -0.02657965 ... -0.02721036 -0.02721036
    -0.02740653]
   [-0.01600577 -0.01600578 -0.02657966 ... -0.02721038 -0.02721038
    -0.02740654]
   [-0.02657965 -0.02657966 -0.07832044 ... -0.08406193 -0.08406193
    -0.08596273]
   ...
   [-0.02721036 -0.02721038 -0.08406193 ... -0.09071181 -0.09071181
    -0.0929292 ]
   [-0.02721036 -0.02721038 -0.08406193 ... -0.09071181 -0.09071181
    -0.0929292 ]
   [-0.02740653 -0.02740654 -0.08596273 ... -0.0929292  -0.0929292
    -0.09525771]]

  [[-0.01600577 -0.01600577 -0.02657965 ... -0.02721036 -0.02721036
    -0.02740653]
   [-0.01600577 -0.01600578 -0.02657966 ... -0.02721038 -0.02721038
    -0.02740654]
   [-0.02657965 -0.02657966 -0.07832044 ... -0.08406193 -0.08406193
    -0.08596273]
   ...
   [-0.02721036 -0.02721038 -0.08406193 ... -0.09071181 -0.09071181
    -0.0929292 ]
   [-0.02721036 -0.02721038 -0.08406193 ... -0.09071181 -0.09071181
    -0.0929292 ]
   [-0.02740653 -0.02740654 -0.08596273 ... -0.0929292  -0.0929292
    -0.09525771]]

  [[-0.01599469 -0.0159947  -0.02654913 ... -0.02717838 -0.02717838
    -0.02737408]
   [-0.0159947  -0.01599471 -0.02654914 ... -0.0271784  -0.0271784
    -0.02737409]
   [-0.02654913 -0.02654914 -0.07805604 ... -0.08375742 -0.08375742
    -0.08564431]
   ...
   [-0.02717838 -0.0271784  -0.08375742 ... -0.09035731 -0.09035731
    -0.09255719]
   [-0.02717838 -0.0271784  -0.08375742 ... -0.09035731 -0.09035731
    -0.09255719]
   [-0.02737408 -0.02737409 -0.08564431 ... -0.09255719 -0.09255719
    -0.09486686]]]


 [[[-0.01741467 -0.01741468 -0.03070485 ... -0.03154965 -0.03154965
    -0.03181367]
   [-0.01741468 -0.01741468 -0.03070487 ... -0.03154967 -0.03154967
    -0.03181369]
   [-0.03070485 -0.03070487 -0.129644   ... -0.14616971 -0.14616971
    -0.15201449]
   ...
   [-0.03154965 -0.03154967 -0.14616971 ... -0.16752397 -0.16752397
    -0.17524636]
   [-0.03154965 -0.03154967 -0.14616971 ... -0.16752397 -0.16752397
    -0.17524636]
   [-0.03181367 -0.03181369 -0.15201449 ... -0.17524636 -0.17524636
    -0.18371511]]

  [[-0.01726779 -0.0172678  -0.03025117 ... -0.03107085 -0.03107085
    -0.03132688]
   [-0.0172678  -0.0172678  -0.03025119 ... -0.03107087 -0.03107087
    -0.0313269 ]
   [-0.03025117 -0.03025119 -0.12192349 ... -0.13642942 -0.13642942
    -0.14150767]
   ...
   [-0.03107085 -0.03107087 -0.13642942 ... -0.15485319 -0.15485319
    -0.16142866]
   [-0.03107085 -0.03107087 -0.13642942 ... -0.15485319 -0.15485319
    -0.16142866]
   [-0.03132688 -0.0313269  -0.14150767 ... -0.16142866 -0.16142866
    -0.16858731]]

  [[-0.01726433 -0.01726433 -0.03024054 ... -0.03105963 -0.03105963
    -0.03131548]
   [-0.01726433 -0.01726434 -0.03024055 ... -0.03105965 -0.03105965
    -0.0313155 ]
   [-0.03024054 -0.03024055 -0.12175098 ... -0.13621345 -0.13621345
    -0.14127534]
   ...
   [-0.03105963 -0.03105965 -0.13621345 ... -0.15457501 -0.15457501
    -0.16112638]
   [-0.03105963 -0.03105965 -0.13621345 ... -0.15457501 -0.15457501
    -0.16112638]
   [-0.03131548 -0.0313155  -0.14127534 ... -0.16112638 -0.16112638
    -0.16825765]]

  ...

  [[-0.01600577 -0.01600577 -0.02657965 ... -0.02721036 -0.02721036
    -0.02740653]
   [-0.01600577 -0.01600578 -0.02657966 ... -0.02721038 -0.02721038
    -0.02740654]
   [-0.02657965 -0.02657966 -0.07832044 ... -0.08406193 -0.08406193
    -0.08596273]
   ...
   [-0.02721036 -0.02721038 -0.08406193 ... -0.09071181 -0.09071181
    -0.0929292 ]
   [-0.02721036 -0.02721038 -0.08406193 ... -0.09071181 -0.09071181
    -0.0929292 ]
   [-0.02740653 -0.02740654 -0.08596273 ... -0.0929292  -0.0929292
    -0.09525771]]

  [[-0.01600577 -0.01600577 -0.02657965 ... -0.02721036 -0.02721036
    -0.02740653]
   [-0.01600577 -0.01600578 -0.02657966 ... -0.02721038 -0.02721038
    -0.02740654]
   [-0.02657965 -0.02657966 -0.07832044 ... -0.08406193 -0.08406193
    -0.08596273]
   ...
   [-0.02721036 -0.02721038 -0.08406193 ... -0.09071181 -0.09071181
    -0.0929292 ]
   [-0.02721036 -0.02721038 -0.08406193 ... -0.09071181 -0.09071181
    -0.0929292 ]
   [-0.02740653 -0.02740654 -0.08596273 ... -0.0929292  -0.0929292
    -0.09525771]]

  [[-0.01599469 -0.0159947  -0.02654913 ... -0.02717838 -0.02717838
    -0.02737408]
   [-0.0159947  -0.01599471 -0.02654914 ... -0.0271784  -0.0271784
    -0.02737409]
   [-0.02654913 -0.02654914 -0.07805604 ... -0.08375742 -0.08375742
    -0.08564431]
   ...
   [-0.02717838 -0.0271784  -0.08375742 ... -0.09035731 -0.09035731
    -0.09255719]
   [-0.02717838 -0.0271784  -0.08375742 ... -0.09035731 -0.09035731
    -0.09255719]
   [-0.02737408 -0.02737409 -0.08564431 ... -0.09255719 -0.09255719
    -0.09486686]]]


 [[[-0.01740156 -0.01740157 -0.03066413 ... -0.03150666 -0.03150666
    -0.03176995]
   [-0.01740157 -0.01740158 -0.03066415 ... -0.03150668 -0.03150668
    -0.03176997]
   [-0.03066413 -0.03066415 -0.12892112 ... -0.14525145 -0.14525145
    -0.15102157]
   ...
   [-0.03150666 -0.03150668 -0.14525145 ... -0.16631892 -0.16631892
    -0.17392808]
   [-0.03150666 -0.03150668 -0.14525145 ... -0.16631892 -0.16631892
    -0.17392808]
   [-0.03176995 -0.03176997 -0.15102157 ... -0.17392808 -0.17392808
    -0.18226688]]

  [[-0.0172549  -0.01725491 -0.03021164 ... -0.03102915 -0.03102915
    -0.03128449]
   [-0.01725491 -0.01725492 -0.03021166 ... -0.03102917 -0.03102917
    -0.03128452]
   [-0.03021164 -0.03021166 -0.12128393 ... -0.13562913 -0.13562913
    -0.14064688]
   ...
   [-0.03102915 -0.03102917 -0.13562913 ... -0.15382297 -0.15382297
    -0.1603094 ]
   [-0.03102915 -0.03102917 -0.13562913 ... -0.15382297 -0.15382297
    -0.1603094 ]
   [-0.03128449 -0.03128452 -0.14064688 ... -0.1603094  -0.1603094
    -0.16736696]]

  [[-0.01725144 -0.01725145 -0.03020103 ... -0.03101797 -0.03101797
    -0.03127312]
   [-0.01725145 -0.01725146 -0.03020105 ... -0.03101799 -0.03101799
    -0.03127315]
   [-0.03020103 -0.03020105 -0.12111322 ... -0.13541569 -0.13541569
    -0.14041736]
   ...
   [-0.03101797 -0.03101799 -0.13541569 ... -0.15354848 -0.15354848
    -0.1600113 ]
   [-0.03101797 -0.03101799 -0.13541569 ... -0.15354848 -0.15354848
    -0.1600113 ]
   [-0.03127312 -0.03127315 -0.14041736 ... -0.1600113  -0.1600113
    -0.16704206]]

  ...

  [[-0.01599469 -0.0159947  -0.02654913 ... -0.02717838 -0.02717838
    -0.02737408]
   [-0.0159947  -0.01599471 -0.02654914 ... -0.0271784  -0.0271784
    -0.02737409]
   [-0.02654913 -0.02654914 -0.07805604 ... -0.08375742 -0.08375742
    -0.08564431]
   ...
   [-0.02717838 -0.0271784  -0.08375742 ... -0.09035731 -0.09035731
    -0.09255719]
   [-0.02717838 -0.0271784  -0.08375742 ... -0.09035731 -0.09035731
    -0.09255719]
   [-0.02737408 -0.02737409 -0.08564431 ... -0.09255719 -0.09255719
    -0.09486686]]

  [[-0.01599469 -0.0159947  -0.02654913 ... -0.02717838 -0.02717838
    -0.02737408]
   [-0.0159947  -0.01599471 -0.02654914 ... -0.0271784  -0.0271784
    -0.02737409]
   [-0.02654913 -0.02654914 -0.07805604 ... -0.08375742 -0.08375742
    -0.08564431]
   ...
   [-0.02717838 -0.0271784  -0.08375742 ... -0.09035731 -0.09035731
    -0.09255719]
   [-0.02717838 -0.0271784  -0.08375742 ... -0.09035731 -0.09035731
    -0.09255719]
   [-0.02737408 -0.02737409 -0.08564431 ... -0.09255719 -0.09255719
    -0.09486686]]

  [[-0.01598364 -0.01598364 -0.02651868 ... -0.02714647 -0.02714647
    -0.02734171]
   [-0.01598364 -0.01598365 -0.02651869 ... -0.02714649 -0.02714649
    -0.02734172]
   [-0.02651868 -0.02651869 -0.07779341 ... -0.0834551  -0.0834551
    -0.08532824]
   ...
   [-0.02714647 -0.02714649 -0.0834551  ... -0.09000557 -0.09000557
    -0.09218815]
   [-0.02714647 -0.02714649 -0.0834551  ... -0.09000557 -0.09000557
    -0.09218815]
   [-0.02734171 -0.02734172 -0.08532824 ... -0.09218815 -0.09218815
    -0.09447921]]]] (37, 37, 9, 9)
hf energy: -198.41473452866933
nuclear repulsion: 13.5
(46, 46, 46, 46)
(46, 46, 46, 46)
heading into energy calc: slice(None, 9, None) slice(9, None, None)
initial energy: -211.9147345286695
    ==> CCSDT amplitude equations <==

     Iter              Corr. Energy                 |dE|                 |dT|

        0      -0.714761234327       0.714761234327       3.564855120997

        1      -0.402373138268       0.312388096059       1.637725979547

        2      -0.751363424904       0.348990286636       1.168549020785

        3      -0.386861039518       0.364502385386       1.295972011819

        4      -0.766560693640       0.379699654122       1.338836206478

        5      -0.364228109590       0.402332584050       1.402558975823

        6      -0.772027547375       0.407799437784       1.467872470700

        7      -0.354452874577       0.417574672798       1.487891645701

        8      -0.772996860296       0.418543985720       1.516798205318

        9      -0.352408965491       0.420587894805       1.518952044384

       10      -0.772940120484       0.420531154993       1.525331432813

       11      -0.352364515091       0.420575605393       1.524590131480

       12      -0.772855131249       0.420490616158       1.524875410399

       13      -0.352481846164       0.420373285085       1.524478521251

       14      -0.772830142696       0.420348296532       1.524165100001

       15      -0.352524224474       0.420305918222       1.524078671718

       16      -0.772827293604       0.420303069130       1.523955543114

       17      -0.352530943197       0.420296350407       1.523951862378

       18      -0.772828039439       0.420297096242       1.523931090679

       19      -0.352530459981       0.420297579458       1.523935375443

       20      -0.772828558043       0.420298098063       1.523936790122

       21      -0.352529849264       0.420298708780       1.523938424186

       22      -0.772828755914       0.420298906650       1.523940662958

       23      -0.352529663372       0.420299092541       1.523940884655

