{
 "cells": [
  {
   "cell_type": "code",
   "execution_count": 1,
   "id": "110bbd13",
   "metadata": {},
   "outputs": [],
   "source": [
    "import numpy as np\n",
    "from numpy.linalg import inv\n",
    "from numpy import linalg as LA\n",
    "import matplotlib.pyplot as plt"
   ]
  },
  {
   "cell_type": "code",
   "execution_count": 107,
   "id": "c8a63a4f",
   "metadata": {},
   "outputs": [],
   "source": [
    "def createModelMatrix(matrixDim,sparsity):\n",
    "    #matrixDim=10\n",
    "    #sparsity = 0.01\n",
    "    Amat = np.zeros((matrixDim,matrixDim))\n",
    "    for i in range(0,matrixDim):\n",
    "        Amat[i,i] = i + 1\n",
    "    Amat = Amat + sparsity*np.random.randint(20,size=(matrixDim,matrixDim))\n",
    "    Amat = (Amat.T + Amat)/2 \n",
    "    print(\"Amat: \\n\",Amat)\n",
    "    u,v=LA.eig(Amat)\n",
    "    print('Correct roots: ',np.sort(u))\n",
    "    return Amat\n",
    "\n",
    "def defineAllVariables(Amat,matrixDim): #defines single vector p,q,eps,H0,V from a given matrix and its dimension\n",
    "    p=np.zeros((matrixDim,1))\n",
    "    q=np.zeros((matrixDim,matrixDim-1))\n",
    "    print(np.shape(p),np.shape(q))\n",
    "    diagMat=np.diag(Amat)\n",
    "    print('diagonal of Matrix: ',diagMat)\n",
    "    \n",
    "    newDiag=[]\n",
    "    for i in range(matrixDim):\n",
    "        for j in range(matrixDim):\n",
    "            if i==j:\n",
    "                newDiag.append(Amat[i,j])\n",
    "                \n",
    "    print('new diagonal of matrix: ',newDiag)\n",
    "    \n",
    "    lowestElements=np.argsort(diagMat)\n",
    "    print('lowest element index:',lowestElements)\n",
    "    print('actual lowest element of Hbar:',diagMat[lowestElements[0]])\n",
    "\n",
    "    p[lowestElements[0],0]=1.0\n",
    "    print('p',p)\n",
    "    counter=0\n",
    "    for i in range(len(lowestElements)):\n",
    "        if i==lowestElements[0]:\n",
    "            continue\n",
    "        else:\n",
    "            q[lowestElements[i],counter]=1.0\n",
    "            counter=counter+1\n",
    "\n",
    "\n",
    "        \n",
    "        \n",
    "    H0=np.diag(np.diag(Amat))#np.matmul(np.matmul(projP,Amat),projP)\n",
    "    V=Amat-H0\n",
    "    print('V \\n',V)\n",
    "    #print('original Guess:',diagMat[0])\n",
    "    guessEps=diagMat[lowestElements[0]] #+0.01\n",
    "    eps=guessEps\n",
    "    print('init Guess:',eps)\n",
    "    \n",
    "    return p,q,H0,V,eps\n",
    "\n",
    "\n",
    "\n",
    "\n",
    "        \n",
    "    \n",
    "    \n",
    "    \n",
    "    \n",
    "\n",
    "    \n",
    "    \n",
    "def defineAllVariables(Amat,matrixDim,blockSize): #defines single vector p,q,eps,H0,V from a given matrix and its dimension\n",
    "    p=np.zeros((matrixDim,blockSize))\n",
    "    q=np.zeros((matrixDim,matrixDim-blockSize))\n",
    "    print(np.shape(p),np.shape(q))\n",
    "    diagMat=np.diag(Amat)\n",
    "    print('diagonal of Matrix: ',diagMat)\n",
    "    \n",
    "    newDiag=[]\n",
    "    for i in range(matrixDim):\n",
    "        for j in range(matrixDim):\n",
    "            if i==j:\n",
    "                newDiag.append(Amat[i,j])\n",
    "                \n",
    "    print('new diagonal of matrix: ',newDiag)\n",
    "    \n",
    "    lowestElements=np.argsort(diagMat)\n",
    "    print('lowest element index:',lowestElements)\n",
    "    print('actual lowest element of Hbar:',diagMat[lowestElements[0]])\n",
    "\n",
    "    negateQ=[]\n",
    "    eps=[]\n",
    "    for x in range(blockSize):\n",
    "        negateQ.append(lowestElements[x])\n",
    "        p[lowestElements[x],x]=1.0\n",
    "        eps.append(diagMat[lowestElements[x]])\n",
    "        \n",
    "    print('p',p)\n",
    "    counter=0\n",
    "    for i in range(len(lowestElements)):\n",
    "        if i in negateQ:\n",
    "            continue\n",
    "        else:\n",
    "            q[lowestElements[i],counter]=1.0\n",
    "            counter=counter+1\n",
    "\n",
    "    print('q:',q)\n",
    "        \n",
    "        \n",
    "    H0=np.diag(np.diag(Amat))#np.matmul(np.matmul(projP,Amat),projP)\n",
    "    V=Amat-H0\n",
    "    print('V \\n',V)\n",
    "    #print('original Guess:',diagMat[0])\n",
    "    #guessEps=diagMat[lowestElements[0]] #+0.01\n",
    "    #eps=guessEps\n",
    "    print('init Guess:',eps)\n",
    "    \n",
    "    return p,q,H0,V,eps\n",
    "        \n",
    "    \n",
    "    \n",
    "    \n",
    "    \n",
    "\n",
    "    \n",
    "    \n",
    "\n",
    "\n",
    "\n",
    "def extendPSpace(T0,V,p,order):\n",
    "    T0V=np.matmul(T0,V)\n",
    "    tmp=T0V\n",
    "    \n",
    "    for i in range(1,order+1):\n",
    "        print('extending guess for order: ',i)\n",
    "        tmp=np.matmul(tmp,T0V)\n",
    "    \n",
    "    print('relevant p to correct: ',p)\n",
    "    correctionVec=np.matmul(tmp,p)\n",
    "    print('Correction vector: \\n',correctionVec)\n",
    "    return correctionVec\n",
    "\n",
    "\n",
    "\n",
    "def createT0_projQ(q,qDim,H0Dim,eps,H0): #qDim>0\n",
    "    #print('q',q,eps,qDim)\n",
    "    epsMat=np.zeros((H0Dim,H0Dim))\n",
    "    denom=np.zeros((H0Dim,H0Dim))\n",
    "    np.fill_diagonal(epsMat,eps)\n",
    "    \n",
    "    sumMatrix=np.zeros((H0Dim,H0Dim))\n",
    "    for i in range(qDim):\n",
    "        Q=np.outer(q[:,i],q[:,i])\n",
    "        #print('Q outer:',Q)\n",
    "        QH0Q=np.matmul(np.matmul(Q,H0),Q)\n",
    "        denom=epsMat-QH0Q\n",
    "        for x in range(H0Dim):\n",
    "            if (abs(denom[x,x]) < 0.0001):\n",
    "                if (denom[x,x]< 0.00000000000000001):\n",
    "                    factor=-1.0\n",
    "                    denom[x,x]=factor*0.0001\n",
    "                else:\n",
    "                    factor=1.0\n",
    "                    denom[x,x]=factor*0.0001\n",
    "            denom[x,x]=1.0/denom[x,x]\n",
    "                \n",
    "        #denom=inv(denom)\n",
    "        sumMatrix=sumMatrix+np.matmul(np.matmul(Q,denom),Q) #q[:,i],denom),q[:,i].T)\n",
    "    #print('T0 value is: ',sumMatrix)\n",
    "    return sumMatrix\n",
    "\n",
    "def computeRHR(fullSpace,H,HDim,order,iterator):\n",
    "    ## test orthogonalizing fullspace\n",
    "    #qq,r=LA.qr(fullSpace[:,:order+1])\n",
    "    qq=fullSpace[:,:iterator+1]\n",
    "    RHR=(qq.T @ H) @ qq\n",
    "    print('RHR: \\n',RHR)\n",
    "    roots,vecs=LA.eig(RHR)\n",
    "    print('Roots from <R|H|R> via QR:',np.sort(roots))\n",
    "    indx=roots.argsort()\n",
    "    theta=roots[indx]\n",
    "    vecs=vecs[:,indx]\n",
    "    #print('C_i vecs: ',vecs)\n",
    "    usableRoots=[ elem for elem in theta if elem > 0.15 ]\n",
    "    usableIndx=[x for x in range(len(theta)) if theta[x] > 0.15]\n",
    "    #print('C_i vecs: ',vecs[:,usableIndx])\n",
    "    print('test of roots: ',usableRoots)\n",
    "    return usableRoots,vecs[:,usableIndx]#usableRoots,transformedVecs[:,usableIndx]   \n",
    "\n",
    "def runVariationalAlgo(H,Hdim,blockSize):\n",
    "    p,q,H0,V,eps=defineAllVariables(H,Hdim,blockSize)\n",
    "    print('H0:',H0)\n",
    "    fullSpace=np.zeros((Hdim,Hdim))\n",
    "    print('shape of FS and p',np.shape(fullSpace),np.shape(p))\n",
    "    fullSpace[:,:blockSize]=p[:,:blockSize]\n",
    "    print('FullSpace:',fullSpace[:,:blockSize])\n",
    "    order=0\n",
    "    qDim=Hdim-blockSize\n",
    "    Hbkup=H\n",
    "    print('initial guess H0: ',eps)\n",
    "    finalEps=[]\n",
    "    for i in range(9):\n",
    "        print('*********************************')\n",
    "        print('*********************************')\n",
    "        print('***** Iteration: ',i)\n",
    "        for x in range(blockSize):\n",
    "            T0=createT0_projQ(q,qDim,Hdim,eps[x],H0)\n",
    "            pertVec=extendPSpace(T0,V,p[:,x],order) # first order correction\n",
    "            iterator=i*blockSize+x\n",
    "            print(np.shape(pertVec))\n",
    "            fullSpace[:,blockSize+iterator]=pertVec[:]\n",
    "            ## try orthogonalizing fullSpace\n",
    "            qq,r=LA.qr(fullSpace[:,:blockSize+iterator+1])\n",
    "            fullSpace[:,:blockSize+iterator+1]=qq\n",
    "            \n",
    "        order=order+1\n",
    "        \n",
    "        print('iterator:',iterator)\n",
    "\n",
    "        ##\n",
    "        ritzRoots,ritzVecs=computeRHR(fullSpace,H,Hdim,order,blockSize+iterator)\n",
    "        #print('ritzVecs:',ritzVecs)\n",
    "        #indx=ritzRoots.argsort()\n",
    "        #ritzRoots=ritzRoots[indx]\n",
    "        #ritzVecs=ritzVec[:,indx]\n",
    "        realVecs=fullSpace[:,:blockSize+iterator+1] @ ritzVecs[:,0]\n",
    "        overlap=realVecs.T @ realVecs\n",
    "        print('overlap <R|R>: ',overlap)\n",
    "        tmpRoots=(realVecs.T @ H) @ realVecs\n",
    "        tmpRoots=tmpRoots/overlap\n",
    "        print('<R|H|R>/<R|R> :',tmpRoots)\n",
    "        print('ritzRoots:',np.sort(ritzRoots))\n",
    "        tmpeps=np.sort(ritzRoots)\n",
    "        print('tmp eps:',tmpeps)\n",
    "        finalEps.append(np.sort(ritzRoots)[:blockSize])\n",
    "        eps=[]\n",
    "        for y in range(blockSize):\n",
    "            eps.append(tmpeps[y])\n",
    "            \n",
    "        \n",
    "    return finalEps\n",
    "       \n",
    "\n",
    "\n"
   ]
  },
  {
   "cell_type": "code",
   "execution_count": 108,
   "id": "3de70af1",
   "metadata": {},
   "outputs": [
    {
     "name": "stdout",
     "output_type": "stream",
     "text": [
      "Amat: \n",
      " [[1.190e+00 1.400e-01 1.000e-01 7.000e-02 7.500e-02 9.500e-02 1.050e-01\n",
      "  1.100e-01 1.900e-01 1.050e-01 7.000e-02 1.250e-01 6.500e-02 1.200e-01\n",
      "  1.150e-01 1.100e-01 9.000e-02 9.500e-02 1.450e-01 9.500e-02]\n",
      " [1.400e-01 2.130e+00 8.000e-02 6.500e-02 1.000e-01 5.500e-02 1.100e-01\n",
      "  4.500e-02 1.000e-02 4.500e-02 1.150e-01 1.000e-01 1.050e-01 7.000e-02\n",
      "  9.000e-02 1.050e-01 9.000e-02 5.000e-02 8.500e-02 1.250e-01]\n",
      " [1.000e-01 8.000e-02 3.040e+00 1.000e-01 1.150e-01 6.500e-02 9.000e-02\n",
      "  1.350e-01 9.000e-02 8.500e-02 1.350e-01 8.000e-02 5.500e-02 6.500e-02\n",
      "  1.450e-01 1.350e-01 1.300e-01 1.600e-01 1.550e-01 1.450e-01]\n",
      " [7.000e-02 6.500e-02 1.000e-01 4.000e+00 1.450e-01 1.400e-01 9.500e-02\n",
      "  7.500e-02 1.500e-02 5.500e-02 1.000e-01 1.250e-01 1.000e-01 1.050e-01\n",
      "  1.000e-01 1.050e-01 5.500e-02 1.300e-01 1.350e-01 7.000e-02]\n",
      " [7.500e-02 1.000e-01 1.150e-01 1.450e-01 5.040e+00 6.000e-02 1.750e-01\n",
      "  8.500e-02 1.600e-01 1.500e-01 9.000e-02 6.000e-02 9.500e-02 3.500e-02\n",
      "  6.000e-02 1.300e-01 1.500e-01 1.300e-01 8.000e-02 1.200e-01]\n",
      " [9.500e-02 5.500e-02 6.500e-02 1.400e-01 6.000e-02 6.180e+00 6.500e-02\n",
      "  1.000e-01 1.450e-01 5.000e-03 1.300e-01 1.800e-01 1.700e-01 1.100e-01\n",
      "  1.150e-01 5.000e-02 1.000e-01 7.000e-02 9.500e-02 6.500e-02]\n",
      " [1.050e-01 1.100e-01 9.000e-02 9.500e-02 1.750e-01 6.500e-02 7.170e+00\n",
      "  5.000e-02 8.500e-02 1.000e-01 1.750e-01 9.500e-02 9.000e-02 1.650e-01\n",
      "  4.500e-02 1.500e-01 9.500e-02 1.500e-01 9.000e-02 1.050e-01]\n",
      " [1.100e-01 4.500e-02 1.350e-01 7.500e-02 8.500e-02 1.000e-01 5.000e-02\n",
      "  8.040e+00 1.150e-01 8.500e-02 9.000e-02 9.000e-02 1.800e-01 5.500e-02\n",
      "  1.350e-01 6.500e-02 8.000e-02 9.000e-02 8.000e-02 6.000e-02]\n",
      " [1.900e-01 1.000e-02 9.000e-02 1.500e-02 1.600e-01 1.450e-01 8.500e-02\n",
      "  1.150e-01 9.040e+00 3.000e-02 9.500e-02 6.000e-02 1.100e-01 6.500e-02\n",
      "  7.500e-02 1.500e-02 4.500e-02 1.700e-01 1.550e-01 6.500e-02]\n",
      " [1.050e-01 4.500e-02 8.500e-02 5.500e-02 1.500e-01 5.000e-03 1.000e-01\n",
      "  8.500e-02 3.000e-02 1.003e+01 1.450e-01 1.000e-01 1.500e-01 1.400e-01\n",
      "  3.000e-02 5.500e-02 7.500e-02 4.500e-02 7.000e-02 1.150e-01]\n",
      " [7.000e-02 1.150e-01 1.350e-01 1.000e-01 9.000e-02 1.300e-01 1.750e-01\n",
      "  9.000e-02 9.500e-02 1.450e-01 1.107e+01 1.100e-01 9.000e-02 1.350e-01\n",
      "  9.500e-02 8.000e-02 1.350e-01 6.500e-02 1.750e-01 8.000e-02]\n",
      " [1.250e-01 1.000e-01 8.000e-02 1.250e-01 6.000e-02 1.800e-01 9.500e-02\n",
      "  9.000e-02 6.000e-02 1.000e-01 1.100e-01 1.205e+01 1.500e-01 2.500e-02\n",
      "  7.000e-02 1.050e-01 1.650e-01 9.500e-02 1.600e-01 1.850e-01]\n",
      " [6.500e-02 1.050e-01 5.500e-02 1.000e-01 9.500e-02 1.700e-01 9.000e-02\n",
      "  1.800e-01 1.100e-01 1.500e-01 9.000e-02 1.500e-01 1.311e+01 1.000e-01\n",
      "  1.200e-01 6.000e-02 5.000e-03 1.850e-01 9.500e-02 6.000e-02]\n",
      " [1.200e-01 7.000e-02 6.500e-02 1.050e-01 3.500e-02 1.100e-01 1.650e-01\n",
      "  5.500e-02 6.500e-02 1.400e-01 1.350e-01 2.500e-02 1.000e-01 1.418e+01\n",
      "  6.500e-02 1.700e-01 3.500e-02 1.400e-01 9.000e-02 9.500e-02]\n",
      " [1.150e-01 9.000e-02 1.450e-01 1.000e-01 6.000e-02 1.150e-01 4.500e-02\n",
      "  1.350e-01 7.500e-02 3.000e-02 9.500e-02 7.000e-02 1.200e-01 6.500e-02\n",
      "  1.518e+01 6.000e-02 4.500e-02 1.750e-01 1.500e-01 6.000e-02]\n",
      " [1.100e-01 1.050e-01 1.350e-01 1.050e-01 1.300e-01 5.000e-02 1.500e-01\n",
      "  6.500e-02 1.500e-02 5.500e-02 8.000e-02 1.050e-01 6.000e-02 1.700e-01\n",
      "  6.000e-02 1.601e+01 1.150e-01 9.000e-02 8.000e-02 9.000e-02]\n",
      " [9.000e-02 9.000e-02 1.300e-01 5.500e-02 1.500e-01 1.000e-01 9.500e-02\n",
      "  8.000e-02 4.500e-02 7.500e-02 1.350e-01 1.650e-01 5.000e-03 3.500e-02\n",
      "  4.500e-02 1.150e-01 1.702e+01 9.000e-02 1.500e-01 7.500e-02]\n",
      " [9.500e-02 5.000e-02 1.600e-01 1.300e-01 1.300e-01 7.000e-02 1.500e-01\n",
      "  9.000e-02 1.700e-01 4.500e-02 6.500e-02 9.500e-02 1.850e-01 1.400e-01\n",
      "  1.750e-01 9.000e-02 9.000e-02 1.812e+01 1.050e-01 8.500e-02]\n",
      " [1.450e-01 8.500e-02 1.550e-01 1.350e-01 8.000e-02 9.500e-02 9.000e-02\n",
      "  8.000e-02 1.550e-01 7.000e-02 1.750e-01 1.600e-01 9.500e-02 9.000e-02\n",
      "  1.500e-01 8.000e-02 1.500e-01 1.050e-01 1.902e+01 3.000e-02]\n",
      " [9.500e-02 1.250e-01 1.450e-01 7.000e-02 1.200e-01 6.500e-02 1.050e-01\n",
      "  6.000e-02 6.500e-02 1.150e-01 8.000e-02 1.850e-01 6.000e-02 9.500e-02\n",
      "  6.000e-02 9.000e-02 7.500e-02 8.500e-02 3.000e-02 2.004e+01]]\n",
      "Correct roots:  [ 1.15118816  2.12658098  3.0176245   3.97115446  5.02911621  6.16101121\n",
      "  7.16303741  8.02161906  9.05625103 10.00526111 11.07554086 12.03693859\n",
      " 13.13401042 14.18013908 15.17961315 16.02118105 17.02702872 18.14491088\n",
      " 19.08515141 20.0726417 ]\n",
      "(20, 3) (20, 17)\n",
      "diagonal of Matrix:  [ 1.19  2.13  3.04  4.    5.04  6.18  7.17  8.04  9.04 10.03 11.07 12.05\n",
      " 13.11 14.18 15.18 16.01 17.02 18.12 19.02 20.04]\n",
      "new diagonal of matrix:  [1.19, 2.13, 3.04, 4.0, 5.04, 6.18, 7.17, 8.04, 9.04, 10.03, 11.07, 12.05, 13.11, 14.18, 15.18, 16.01, 17.02, 18.12, 19.02, 20.04]\n",
      "lowest element index: [ 0  1  2  3  4  5  6  7  8  9 10 11 12 13 14 15 16 17 18 19]\n",
      "actual lowest element of Hbar: 1.19\n",
      "p [[1. 0. 0.]\n",
      " [0. 1. 0.]\n",
      " [0. 0. 1.]\n",
      " [0. 0. 0.]\n",
      " [0. 0. 0.]\n",
      " [0. 0. 0.]\n",
      " [0. 0. 0.]\n",
      " [0. 0. 0.]\n",
      " [0. 0. 0.]\n",
      " [0. 0. 0.]\n",
      " [0. 0. 0.]\n",
      " [0. 0. 0.]\n",
      " [0. 0. 0.]\n",
      " [0. 0. 0.]\n",
      " [0. 0. 0.]\n",
      " [0. 0. 0.]\n",
      " [0. 0. 0.]\n",
      " [0. 0. 0.]\n",
      " [0. 0. 0.]\n",
      " [0. 0. 0.]]\n",
      "q: [[0. 0. 0. 0. 0. 0. 0. 0. 0. 0. 0. 0. 0. 0. 0. 0. 0.]\n",
      " [0. 0. 0. 0. 0. 0. 0. 0. 0. 0. 0. 0. 0. 0. 0. 0. 0.]\n",
      " [0. 0. 0. 0. 0. 0. 0. 0. 0. 0. 0. 0. 0. 0. 0. 0. 0.]\n",
      " [1. 0. 0. 0. 0. 0. 0. 0. 0. 0. 0. 0. 0. 0. 0. 0. 0.]\n",
      " [0. 1. 0. 0. 0. 0. 0. 0. 0. 0. 0. 0. 0. 0. 0. 0. 0.]\n",
      " [0. 0. 1. 0. 0. 0. 0. 0. 0. 0. 0. 0. 0. 0. 0. 0. 0.]\n",
      " [0. 0. 0. 1. 0. 0. 0. 0. 0. 0. 0. 0. 0. 0. 0. 0. 0.]\n",
      " [0. 0. 0. 0. 1. 0. 0. 0. 0. 0. 0. 0. 0. 0. 0. 0. 0.]\n",
      " [0. 0. 0. 0. 0. 1. 0. 0. 0. 0. 0. 0. 0. 0. 0. 0. 0.]\n",
      " [0. 0. 0. 0. 0. 0. 1. 0. 0. 0. 0. 0. 0. 0. 0. 0. 0.]\n",
      " [0. 0. 0. 0. 0. 0. 0. 1. 0. 0. 0. 0. 0. 0. 0. 0. 0.]\n",
      " [0. 0. 0. 0. 0. 0. 0. 0. 1. 0. 0. 0. 0. 0. 0. 0. 0.]\n",
      " [0. 0. 0. 0. 0. 0. 0. 0. 0. 1. 0. 0. 0. 0. 0. 0. 0.]\n",
      " [0. 0. 0. 0. 0. 0. 0. 0. 0. 0. 1. 0. 0. 0. 0. 0. 0.]\n",
      " [0. 0. 0. 0. 0. 0. 0. 0. 0. 0. 0. 1. 0. 0. 0. 0. 0.]\n",
      " [0. 0. 0. 0. 0. 0. 0. 0. 0. 0. 0. 0. 1. 0. 0. 0. 0.]\n",
      " [0. 0. 0. 0. 0. 0. 0. 0. 0. 0. 0. 0. 0. 1. 0. 0. 0.]\n",
      " [0. 0. 0. 0. 0. 0. 0. 0. 0. 0. 0. 0. 0. 0. 1. 0. 0.]\n",
      " [0. 0. 0. 0. 0. 0. 0. 0. 0. 0. 0. 0. 0. 0. 0. 1. 0.]\n",
      " [0. 0. 0. 0. 0. 0. 0. 0. 0. 0. 0. 0. 0. 0. 0. 0. 1.]]\n",
      "V \n",
      " [[0.    0.14  0.1   0.07  0.075 0.095 0.105 0.11  0.19  0.105 0.07  0.125\n",
      "  0.065 0.12  0.115 0.11  0.09  0.095 0.145 0.095]\n",
      " [0.14  0.    0.08  0.065 0.1   0.055 0.11  0.045 0.01  0.045 0.115 0.1\n",
      "  0.105 0.07  0.09  0.105 0.09  0.05  0.085 0.125]\n",
      " [0.1   0.08  0.    0.1   0.115 0.065 0.09  0.135 0.09  0.085 0.135 0.08\n",
      "  0.055 0.065 0.145 0.135 0.13  0.16  0.155 0.145]\n",
      " [0.07  0.065 0.1   0.    0.145 0.14  0.095 0.075 0.015 0.055 0.1   0.125\n",
      "  0.1   0.105 0.1   0.105 0.055 0.13  0.135 0.07 ]\n",
      " [0.075 0.1   0.115 0.145 0.    0.06  0.175 0.085 0.16  0.15  0.09  0.06\n",
      "  0.095 0.035 0.06  0.13  0.15  0.13  0.08  0.12 ]\n",
      " [0.095 0.055 0.065 0.14  0.06  0.    0.065 0.1   0.145 0.005 0.13  0.18\n",
      "  0.17  0.11  0.115 0.05  0.1   0.07  0.095 0.065]\n",
      " [0.105 0.11  0.09  0.095 0.175 0.065 0.    0.05  0.085 0.1   0.175 0.095\n",
      "  0.09  0.165 0.045 0.15  0.095 0.15  0.09  0.105]\n",
      " [0.11  0.045 0.135 0.075 0.085 0.1   0.05  0.    0.115 0.085 0.09  0.09\n",
      "  0.18  0.055 0.135 0.065 0.08  0.09  0.08  0.06 ]\n",
      " [0.19  0.01  0.09  0.015 0.16  0.145 0.085 0.115 0.    0.03  0.095 0.06\n",
      "  0.11  0.065 0.075 0.015 0.045 0.17  0.155 0.065]\n",
      " [0.105 0.045 0.085 0.055 0.15  0.005 0.1   0.085 0.03  0.    0.145 0.1\n",
      "  0.15  0.14  0.03  0.055 0.075 0.045 0.07  0.115]\n",
      " [0.07  0.115 0.135 0.1   0.09  0.13  0.175 0.09  0.095 0.145 0.    0.11\n",
      "  0.09  0.135 0.095 0.08  0.135 0.065 0.175 0.08 ]\n",
      " [0.125 0.1   0.08  0.125 0.06  0.18  0.095 0.09  0.06  0.1   0.11  0.\n",
      "  0.15  0.025 0.07  0.105 0.165 0.095 0.16  0.185]\n",
      " [0.065 0.105 0.055 0.1   0.095 0.17  0.09  0.18  0.11  0.15  0.09  0.15\n",
      "  0.    0.1   0.12  0.06  0.005 0.185 0.095 0.06 ]\n",
      " [0.12  0.07  0.065 0.105 0.035 0.11  0.165 0.055 0.065 0.14  0.135 0.025\n",
      "  0.1   0.    0.065 0.17  0.035 0.14  0.09  0.095]\n",
      " [0.115 0.09  0.145 0.1   0.06  0.115 0.045 0.135 0.075 0.03  0.095 0.07\n",
      "  0.12  0.065 0.    0.06  0.045 0.175 0.15  0.06 ]\n",
      " [0.11  0.105 0.135 0.105 0.13  0.05  0.15  0.065 0.015 0.055 0.08  0.105\n",
      "  0.06  0.17  0.06  0.    0.115 0.09  0.08  0.09 ]\n",
      " [0.09  0.09  0.13  0.055 0.15  0.1   0.095 0.08  0.045 0.075 0.135 0.165\n",
      "  0.005 0.035 0.045 0.115 0.    0.09  0.15  0.075]\n",
      " [0.095 0.05  0.16  0.13  0.13  0.07  0.15  0.09  0.17  0.045 0.065 0.095\n",
      "  0.185 0.14  0.175 0.09  0.09  0.    0.105 0.085]\n",
      " [0.145 0.085 0.155 0.135 0.08  0.095 0.09  0.08  0.155 0.07  0.175 0.16\n",
      "  0.095 0.09  0.15  0.08  0.15  0.105 0.    0.03 ]\n",
      " [0.095 0.125 0.145 0.07  0.12  0.065 0.105 0.06  0.065 0.115 0.08  0.185\n",
      "  0.06  0.095 0.06  0.09  0.075 0.085 0.03  0.   ]]\n",
      "init Guess: [1.19, 2.13, 3.04]\n",
      "H0: [[ 1.19  0.    0.    0.    0.    0.    0.    0.    0.    0.    0.    0.\n",
      "   0.    0.    0.    0.    0.    0.    0.    0.  ]\n",
      " [ 0.    2.13  0.    0.    0.    0.    0.    0.    0.    0.    0.    0.\n",
      "   0.    0.    0.    0.    0.    0.    0.    0.  ]\n",
      " [ 0.    0.    3.04  0.    0.    0.    0.    0.    0.    0.    0.    0.\n",
      "   0.    0.    0.    0.    0.    0.    0.    0.  ]\n",
      " [ 0.    0.    0.    4.    0.    0.    0.    0.    0.    0.    0.    0.\n",
      "   0.    0.    0.    0.    0.    0.    0.    0.  ]\n",
      " [ 0.    0.    0.    0.    5.04  0.    0.    0.    0.    0.    0.    0.\n",
      "   0.    0.    0.    0.    0.    0.    0.    0.  ]\n",
      " [ 0.    0.    0.    0.    0.    6.18  0.    0.    0.    0.    0.    0.\n",
      "   0.    0.    0.    0.    0.    0.    0.    0.  ]\n",
      " [ 0.    0.    0.    0.    0.    0.    7.17  0.    0.    0.    0.    0.\n",
      "   0.    0.    0.    0.    0.    0.    0.    0.  ]\n",
      " [ 0.    0.    0.    0.    0.    0.    0.    8.04  0.    0.    0.    0.\n",
      "   0.    0.    0.    0.    0.    0.    0.    0.  ]\n",
      " [ 0.    0.    0.    0.    0.    0.    0.    0.    9.04  0.    0.    0.\n",
      "   0.    0.    0.    0.    0.    0.    0.    0.  ]\n",
      " [ 0.    0.    0.    0.    0.    0.    0.    0.    0.   10.03  0.    0.\n",
      "   0.    0.    0.    0.    0.    0.    0.    0.  ]\n",
      " [ 0.    0.    0.    0.    0.    0.    0.    0.    0.    0.   11.07  0.\n",
      "   0.    0.    0.    0.    0.    0.    0.    0.  ]\n",
      " [ 0.    0.    0.    0.    0.    0.    0.    0.    0.    0.    0.   12.05\n",
      "   0.    0.    0.    0.    0.    0.    0.    0.  ]\n",
      " [ 0.    0.    0.    0.    0.    0.    0.    0.    0.    0.    0.    0.\n",
      "  13.11  0.    0.    0.    0.    0.    0.    0.  ]\n",
      " [ 0.    0.    0.    0.    0.    0.    0.    0.    0.    0.    0.    0.\n",
      "   0.   14.18  0.    0.    0.    0.    0.    0.  ]\n",
      " [ 0.    0.    0.    0.    0.    0.    0.    0.    0.    0.    0.    0.\n",
      "   0.    0.   15.18  0.    0.    0.    0.    0.  ]\n",
      " [ 0.    0.    0.    0.    0.    0.    0.    0.    0.    0.    0.    0.\n",
      "   0.    0.    0.   16.01  0.    0.    0.    0.  ]\n",
      " [ 0.    0.    0.    0.    0.    0.    0.    0.    0.    0.    0.    0.\n",
      "   0.    0.    0.    0.   17.02  0.    0.    0.  ]\n",
      " [ 0.    0.    0.    0.    0.    0.    0.    0.    0.    0.    0.    0.\n",
      "   0.    0.    0.    0.    0.   18.12  0.    0.  ]\n",
      " [ 0.    0.    0.    0.    0.    0.    0.    0.    0.    0.    0.    0.\n",
      "   0.    0.    0.    0.    0.    0.   19.02  0.  ]\n",
      " [ 0.    0.    0.    0.    0.    0.    0.    0.    0.    0.    0.    0.\n",
      "   0.    0.    0.    0.    0.    0.    0.   20.04]]\n",
      "shape of FS and p (20, 20) (20, 3)\n",
      "FullSpace: [[1. 0. 0.]\n",
      " [0. 1. 0.]\n",
      " [0. 0. 1.]\n",
      " [0. 0. 0.]\n",
      " [0. 0. 0.]\n",
      " [0. 0. 0.]\n",
      " [0. 0. 0.]\n",
      " [0. 0. 0.]\n",
      " [0. 0. 0.]\n",
      " [0. 0. 0.]\n",
      " [0. 0. 0.]\n",
      " [0. 0. 0.]\n",
      " [0. 0. 0.]\n",
      " [0. 0. 0.]\n",
      " [0. 0. 0.]\n",
      " [0. 0. 0.]\n",
      " [0. 0. 0.]\n",
      " [0. 0. 0.]\n",
      " [0. 0. 0.]\n",
      " [0. 0. 0.]]\n",
      "initial guess H0:  [1.19, 2.13, 3.04]\n",
      "*********************************\n",
      "*********************************\n",
      "***** Iteration:  0\n",
      "relevant p to correct:  [1. 0. 0. 0. 0. 0. 0. 0. 0. 0. 0. 0. 0. 0. 0. 0. 0. 0. 0. 0.]\n",
      "Correction vector: \n",
      " [ 0.          0.          0.         -0.02491103 -0.01948052 -0.01903808\n",
      " -0.01755853 -0.01605839 -0.02420382 -0.01187783 -0.00708502 -0.01151013\n",
      " -0.00545302 -0.00923788 -0.00822016 -0.0074224  -0.00568541 -0.00561134\n",
      " -0.00813236 -0.00503979]\n",
      "(20,)\n",
      "relevant p to correct:  [0. 1. 0. 0. 0. 0. 0. 0. 0. 0. 0. 0. 0. 0. 0. 0. 0. 0. 0. 0.]\n",
      "Correction vector: \n",
      " [ 0.          0.          0.         -0.03475936 -0.03436426 -0.01358025\n",
      " -0.0218254  -0.00761421 -0.00144718 -0.0056962  -0.01286353 -0.01008065\n",
      " -0.00956284 -0.00580913 -0.00689655 -0.00756484 -0.00604433 -0.00312695\n",
      " -0.00503256 -0.00697934]\n",
      "(20,)\n",
      "relevant p to correct:  [0. 0. 1. 0. 0. 0. 0. 0. 0. 0. 0. 0. 0. 0. 0. 0. 0. 0. 0. 0.]\n",
      "Correction vector: \n",
      " [ 0.          0.          0.         -0.10416667 -0.0575     -0.02070064\n",
      " -0.02179177 -0.027      -0.015      -0.01216023 -0.01681196 -0.00887902\n",
      " -0.00546177 -0.00583483 -0.01194399 -0.01040864 -0.009299   -0.01061008\n",
      " -0.00969962 -0.00852941]\n",
      "(20,)\n",
      "iterator: 2\n",
      "RHR: \n",
      " [[ 1.19        0.14        0.1        -0.39285178  0.08575879 -0.09799897]\n",
      " [ 0.14        2.13        0.08       -0.26145918 -0.09770549 -0.1279859 ]\n",
      " [ 0.1         0.08        3.04       -0.37830591 -0.02436087 -0.06849292]\n",
      " [-0.39285178 -0.26145918 -0.37830591  9.29037252 -1.38925735  2.08195707]\n",
      " [ 0.08575879 -0.09770549 -0.02436087 -1.38925735  7.48789421  1.17567329]\n",
      " [-0.09799897 -0.1279859  -0.06849292  2.08195707  1.17567329  6.65620344]]\n",
      "Roots from <R|H|R> via QR: [ 1.15120563  2.1265934   3.01770617  4.53135133  8.32186717 10.64574648]\n",
      "test of roots:  [1.1512056298988935, 2.1265933950901057, 3.017706165087492, 4.531351325524143, 8.321867168772453, 10.645746482907272]\n",
      "overlap <R|R>:  1.0\n",
      "<R|H|R>/<R|R> : 1.1512056298988909\n",
      "ritzRoots: [ 1.15120563  2.1265934   3.01770617  4.53135133  8.32186717 10.64574648]\n",
      "tmp eps: [ 1.15120563  2.1265934   3.01770617  4.53135133  8.32186717 10.64574648]\n",
      "*********************************\n",
      "*********************************\n",
      "***** Iteration:  1\n",
      "extending guess for order:  1\n",
      "relevant p to correct:  [1. 0. 0. 0. 0. 0. 0. 0. 0. 0. 0. 0. 0. 0. 0. 0. 0. 0. 0. 0.]\n",
      "Correction vector: \n",
      " [0.         0.         0.         0.00598225 0.00544682 0.00381168\n",
      " 0.00322579 0.00241947 0.00202061 0.00167984 0.00226427 0.00185531\n",
      " 0.0019408  0.00138737 0.00119832 0.00115142 0.00110608 0.00138127\n",
      " 0.00122504 0.00090889]\n",
      "(20,)\n",
      "extending guess for order:  1\n",
      "relevant p to correct:  [0. 1. 0. 0. 0. 0. 0. 0. 0. 0. 0. 0. 0. 0. 0. 0. 0. 0. 0. 0.]\n",
      "Correction vector: \n",
      " [0.         0.         0.         0.00926419 0.0062529  0.00444294\n",
      " 0.00395707 0.00266011 0.0024304  0.00221255 0.00226515 0.0020066\n",
      " 0.00176803 0.00146748 0.00117023 0.00136515 0.00120697 0.00139485\n",
      " 0.00120107 0.00094385]\n",
      "(20,)\n",
      "extending guess for order:  1\n",
      "relevant p to correct:  [0. 0. 1. 0. 0. 0. 0. 0. 0. 0. 0. 0. 0. 0. 0. 0. 0. 0. 0. 0.]\n",
      "Correction vector: \n",
      " [0.         0.         0.         0.02657488 0.01764177 0.0108668\n",
      " 0.00875285 0.00542209 0.00453802 0.00397041 0.00445752 0.0040766\n",
      " 0.00378899 0.00284207 0.0024789  0.00252958 0.00219308 0.00266019\n",
      " 0.00239243 0.00170001]\n",
      "(20,)\n",
      "iterator: 5\n",
      "RHR: \n",
      " [[ 1.19000000e+00  1.40000000e-01  1.00000000e-01 -3.92851783e-01\n",
      "   8.57587945e-02 -9.79989685e-02 -1.71966268e-02 -8.10534250e-02\n",
      "   8.98812721e-02]\n",
      " [ 1.40000000e-01  2.13000000e+00  8.00000000e-02 -2.61459177e-01\n",
      "  -9.77054887e-02 -1.27985905e-01 -5.88524301e-03 -6.76385854e-02\n",
      "   1.14778833e-01]\n",
      " [ 1.00000000e-01  8.00000000e-02  3.04000000e+00 -3.78305907e-01\n",
      "  -2.43608721e-02 -6.84929163e-02  1.42709299e-02 -1.62278433e-01\n",
      "   1.69733510e-01]\n",
      " [-3.92851783e-01 -2.61459177e-01 -3.78305907e-01  9.29037252e+00\n",
      "  -1.38925735e+00  2.08195707e+00  1.04814690e-01  1.68057815e+00\n",
      "  -1.96466540e+00]\n",
      " [ 8.57587945e-02 -9.77054887e-02 -2.43608721e-02 -1.38925735e+00\n",
      "   7.48789421e+00  1.17567329e+00 -2.21277021e-01 -2.64564067e-01\n",
      "  -1.09605176e+00]\n",
      " [-9.79989685e-02 -1.27985905e-01 -6.84929163e-02  2.08195707e+00\n",
      "   1.17567329e+00  6.65620344e+00  6.02589835e-01 -3.53790189e-01\n",
      "  -1.29640529e+00]\n",
      " [-1.71966268e-02 -5.88524301e-03  1.42709299e-02  1.04814690e-01\n",
      "  -2.21277021e-01  6.02589835e-01  1.07889468e+01  2.23056415e-02\n",
      "   1.27723667e+00]\n",
      " [-8.10534250e-02 -6.76385854e-02 -1.62278433e-01  1.68057815e+00\n",
      "  -2.64564067e-01 -3.53790189e-01  2.23056415e-02  8.81751172e+00\n",
      "  -1.42595920e+00]\n",
      " [ 8.98812721e-02  1.14778833e-01  1.69733510e-01 -1.96466540e+00\n",
      "  -1.09605176e+00 -1.29640529e+00  1.27723667e+00 -1.42595920e+00\n",
      "   1.00068959e+01]]\n",
      "Roots from <R|H|R> via QR: [ 1.15118851  2.12658183  3.01762476  4.28919945  6.44822595  8.20667345\n",
      "  9.37827714 11.22655507 13.56349844]\n",
      "test of roots:  [1.1511885058168443, 2.1265818310416336, 3.01762476383154, 4.28919945065395, 6.44822594575707, 8.206673447227828, 9.378277139238527, 11.226555069234157, 13.563498441772612]\n",
      "overlap <R|R>:  0.9999999999999999\n",
      "<R|H|R>/<R|R> : 1.1511885058168458\n",
      "ritzRoots: [ 1.15118851  2.12658183  3.01762476  4.28919945  6.44822595  8.20667345\n",
      "  9.37827714 11.22655507 13.56349844]\n",
      "tmp eps: [ 1.15118851  2.12658183  3.01762476  4.28919945  6.44822595  8.20667345\n",
      "  9.37827714 11.22655507 13.56349844]\n",
      "*********************************\n",
      "*********************************\n",
      "***** Iteration:  2\n",
      "extending guess for order:  1\n",
      "extending guess for order:  2\n",
      "relevant p to correct:  [1. 0. 0. 0. 0. 0. 0. 0. 0. 0. 0. 0. 0. 0. 0. 0. 0. 0. 0. 0.]\n",
      "Correction vector: \n",
      " [ 0.          0.          0.         -0.00120831 -0.00096783 -0.00071713\n",
      " -0.00065638 -0.00046853 -0.00042941 -0.00035904 -0.00041335 -0.00036991\n",
      " -0.00035366 -0.00027004 -0.00023552 -0.00023704 -0.00021909 -0.00025746\n",
      " -0.00023127 -0.00017544]\n",
      "(20,)\n",
      "extending guess for order:  1\n",
      "extending guess for order:  2\n",
      "relevant p to correct:  [0. 1. 0. 0. 0. 0. 0. 0. 0. 0. 0. 0. 0. 0. 0. 0. 0. 0. 0. 0.]\n",
      "Correction vector: \n",
      " [ 0.          0.          0.         -0.00203199 -0.00158309 -0.0010542\n",
      " -0.00091223 -0.00063262 -0.00054458 -0.00045806 -0.00054655 -0.0004827\n",
      " -0.00045693 -0.00035039 -0.00029714 -0.00030219 -0.00027119 -0.00032432\n",
      " -0.00029192 -0.00021834]\n",
      "(20,)\n",
      "extending guess for order:  1\n",
      "extending guess for order:  2\n",
      "relevant p to correct:  [0. 0. 1. 0. 0. 0. 0. 0. 0. 0. 0. 0. 0. 0. 0. 0. 0. 0. 0. 0.]\n",
      "Correction vector: \n",
      " [ 0.          0.          0.         -0.00881339 -0.005178   -0.0031597\n",
      " -0.00261076 -0.00173016 -0.00146267 -0.00121426 -0.00140559 -0.00124055\n",
      " -0.00115107 -0.00086859 -0.00074619 -0.00077415 -0.00067719 -0.00081374\n",
      " -0.00071957 -0.00053611]\n",
      "(20,)\n",
      "iterator: 8\n",
      "RHR: \n",
      " [[ 1.19000000e+00  1.40000000e-01  1.00000000e-01 -3.92851783e-01\n",
      "   8.57587945e-02 -9.79989685e-02 -1.71966268e-02 -8.10534250e-02\n",
      "   8.98812721e-02  3.77136169e-02 -9.58260621e-02  1.41217642e-02]\n",
      " [ 1.40000000e-01  2.13000000e+00  8.00000000e-02 -2.61459177e-01\n",
      "  -9.77054887e-02 -1.27985905e-01 -5.88524301e-03 -6.76385854e-02\n",
      "   1.14778833e-01  4.25094851e-02 -9.34447458e-02 -5.33434303e-03]\n",
      " [ 1.00000000e-01  8.00000000e-02  3.04000000e+00 -3.78305907e-01\n",
      "  -2.43608721e-02 -6.84929163e-02  1.42709299e-02 -1.62278433e-01\n",
      "   1.69733510e-01  2.07662381e-02 -1.27094853e-01  6.91102485e-02]\n",
      " [-3.92851783e-01 -2.61459177e-01 -3.78305907e-01  9.29037252e+00\n",
      "  -1.38925735e+00  2.08195707e+00  1.04814690e-01  1.68057815e+00\n",
      "  -1.96466540e+00 -8.31211479e-01  1.97109015e+00 -2.67202717e-01]\n",
      " [ 8.57587945e-02 -9.77054887e-02 -2.43608721e-02 -1.38925735e+00\n",
      "   7.48789421e+00  1.17567329e+00 -2.21277021e-01 -2.64564067e-01\n",
      "  -1.09605176e+00 -1.92851748e-01  2.00219210e-01  5.16642094e-01]\n",
      " [-9.79989685e-02 -1.27985905e-01 -6.84929163e-02  2.08195707e+00\n",
      "   1.17567329e+00  6.65620344e+00  6.02589835e-01 -3.53790189e-01\n",
      "  -1.29640529e+00 -1.26774633e+00  1.37126233e+00  1.47640484e+00]\n",
      " [-1.71966268e-02 -5.88524301e-03  1.42709299e-02  1.04814690e-01\n",
      "  -2.21277021e-01  6.02589835e-01  1.07889468e+01  2.23056415e-02\n",
      "   1.27723667e+00  1.57799239e+00  1.48212107e+00  1.30575144e-02]\n",
      " [-8.10534250e-02 -6.76385854e-02 -1.62278433e-01  1.68057815e+00\n",
      "  -2.64564067e-01 -3.53790189e-01  2.23056415e-02  8.81751172e+00\n",
      "  -1.42595920e+00 -1.55025605e+00  2.97654821e+00 -1.24644433e+00]\n",
      " [ 8.98812721e-02  1.14778833e-01  1.69733510e-01 -1.96466540e+00\n",
      "  -1.09605176e+00 -1.29640529e+00  1.27723667e+00 -1.42595920e+00\n",
      "   1.00068959e+01 -1.31259254e+00 -1.70777908e+00  1.00245236e+00]\n",
      " [ 3.77136169e-02  4.25094851e-02  2.07662381e-02 -8.31211479e-01\n",
      "  -1.92851748e-01 -1.26774633e+00  1.57799239e+00 -1.55025605e+00\n",
      "  -1.31259254e+00  1.21491537e+01  4.14359110e-01  1.36403752e+00]\n",
      " [-9.58260621e-02 -9.34447458e-02 -1.27094853e-01  1.97109015e+00\n",
      "   2.00219210e-01  1.37126233e+00  1.48212107e+00  2.97654821e+00\n",
      "  -1.70777908e+00  4.14359110e-01  1.34493498e+01 -1.00485089e+00]\n",
      " [ 1.41217642e-02 -5.33434303e-03  6.91102485e-02 -2.67202717e-01\n",
      "   5.16642094e-01  1.47640484e+00  1.30575144e-02 -1.24644433e+00\n",
      "   1.00245236e+00  1.36403752e+00 -1.00485089e+00  1.26111082e+01]]\n",
      "Roots from <R|H|R> via QR: [ 1.1511883   2.12658102  3.01762458  3.97789833  5.28716527  7.25576214\n",
      "  8.81955095  9.36256186 11.68873252 12.52056367 14.45301279 17.95679482]\n",
      "test of roots:  [1.1511883045185787, 2.1265810214850407, 3.0176245794186403, 3.9778983267109824, 5.287165269243835, 7.25576214081176, 8.819550949092738, 9.362561861052342, 11.688732521991906, 12.520563669484218, 14.45301279414409, 17.95679482021428]\n",
      "overlap <R|R>:  1.0\n",
      "<R|H|R>/<R|R> : 1.1511883045185798\n",
      "ritzRoots: [ 1.1511883   2.12658102  3.01762458  3.97789833  5.28716527  7.25576214\n",
      "  8.81955095  9.36256186 11.68873252 12.52056367 14.45301279 17.95679482]\n",
      "tmp eps: [ 1.1511883   2.12658102  3.01762458  3.97789833  5.28716527  7.25576214\n",
      "  8.81955095  9.36256186 11.68873252 12.52056367 14.45301279 17.95679482]\n",
      "*********************************\n",
      "*********************************\n",
      "***** Iteration:  3\n",
      "extending guess for order:  1\n",
      "extending guess for order:  2\n",
      "extending guess for order:  3\n",
      "relevant p to correct:  [1. 0. 0. 0. 0. 0. 0. 0. 0. 0. 0. 0. 0. 0. 0. 0. 0. 0. 0. 0.]\n",
      "Correction vector: \n",
      " [0.00000000e+00 0.00000000e+00 0.00000000e+00 2.29279710e-04\n",
      " 1.92543032e-04 1.39834014e-04 1.25488069e-04 9.04734349e-05\n",
      " 8.08006297e-05 6.82331636e-05 8.08749132e-05 7.16679108e-05\n",
      " 6.87848812e-05 5.28899567e-05 4.53811382e-05 4.57285200e-05\n",
      " 4.19923564e-05 5.00673499e-05 4.50951922e-05 3.40233887e-05]\n",
      "(20,)\n",
      "extending guess for order:  1\n",
      "extending guess for order:  2\n",
      "extending guess for order:  3\n",
      "relevant p to correct:  [0. 1. 0. 0. 0. 0. 0. 0. 0. 0. 0. 0. 0. 0. 0. 0. 0. 0. 0. 0.]\n",
      "Correction vector: \n",
      " [0.00000000e+00 0.00000000e+00 0.00000000e+00 4.88569555e-04\n",
      " 3.60564675e-04 2.46325390e-04 2.15147184e-04 1.48949308e-04\n",
      " 1.31365086e-04 1.09693315e-04 1.27202424e-04 1.12201585e-04\n",
      " 1.06524152e-04 8.07827237e-05 6.95413689e-05 7.10044871e-05\n",
      " 6.42046649e-05 7.61875051e-05 6.79642259e-05 5.12445092e-05]\n",
      "(20,)\n",
      "extending guess for order:  1\n",
      "extending guess for order:  2\n",
      "extending guess for order:  3\n",
      "relevant p to correct:  [0. 0. 1. 0. 0. 0. 0. 0. 0. 0. 0. 0. 0. 0. 0. 0. 0. 0. 0. 0.]\n",
      "Correction vector: \n",
      " [0.         0.         0.         0.00264178 0.00163323 0.0009977\n",
      " 0.00080652 0.00053369 0.00044002 0.00037302 0.00043329 0.00038527\n",
      " 0.00035569 0.00027006 0.00023243 0.00023941 0.00020677 0.00025273\n",
      " 0.00022486 0.00016483]\n",
      "(20,)\n",
      "iterator: 11\n",
      "RHR: \n",
      " [[ 1.19000000e+00  1.40000000e-01  1.00000000e-01 -3.92851783e-01\n",
      "   8.57587945e-02 -9.79989685e-02 -1.71966268e-02 -8.10534250e-02\n",
      "   8.98812721e-02  3.77136169e-02 -9.58260621e-02  1.41217642e-02\n",
      "   6.05982541e-02 -1.73750787e-02  5.71013058e-03]\n",
      " [ 1.40000000e-01  2.13000000e+00  8.00000000e-02 -2.61459177e-01\n",
      "  -9.77054887e-02 -1.27985905e-01 -5.88524301e-03 -6.76385854e-02\n",
      "   1.14778833e-01  4.25094851e-02 -9.34447458e-02 -5.33434303e-03\n",
      "   3.36440648e-02  1.78446018e-02 -1.10492868e-02]\n",
      " [ 1.00000000e-01  8.00000000e-02  3.04000000e+00 -3.78305907e-01\n",
      "  -2.43608721e-02 -6.84929163e-02  1.42709299e-02 -1.62278433e-01\n",
      "   1.69733510e-01  2.07662381e-02 -1.27094853e-01  6.91102485e-02\n",
      "   3.19390440e-02  5.73373551e-03  1.54655957e-04]\n",
      " [-3.92851783e-01 -2.61459177e-01 -3.78305907e-01  9.29037252e+00\n",
      "  -1.38925735e+00  2.08195707e+00  1.04814690e-01  1.68057815e+00\n",
      "  -1.96466540e+00 -8.31211479e-01  1.97109015e+00 -2.67202717e-01\n",
      "  -1.20491036e+00  3.77656996e-01 -1.18257741e-01]\n",
      " [ 8.57587945e-02 -9.77054887e-02 -2.43608721e-02 -1.38925735e+00\n",
      "   7.48789421e+00  1.17567329e+00 -2.21277021e-01 -2.64564067e-01\n",
      "  -1.09605176e+00 -1.92851748e-01  2.00219210e-01  5.16642094e-01\n",
      "   6.23219272e-01 -1.01940314e+00  5.01714985e-01]\n",
      " [-9.79989685e-02 -1.27985905e-01 -6.84929163e-02  2.08195707e+00\n",
      "   1.17567329e+00  6.65620344e+00  6.02589835e-01 -3.53790189e-01\n",
      "  -1.29640529e+00 -1.26774633e+00  1.37126233e+00  1.47640484e+00\n",
      "  -9.58082709e-01 -3.13447408e-01  3.38830322e-01]\n",
      " [-1.71966268e-02 -5.88524301e-03  1.42709299e-02  1.04814690e-01\n",
      "  -2.21277021e-01  6.02589835e-01  1.07889468e+01  2.23056415e-02\n",
      "   1.27723667e+00  1.57799239e+00  1.48212107e+00  1.30575144e-02\n",
      "  -6.22784472e-01 -3.25721719e+00  1.18862794e+00]\n",
      " [-8.10534250e-02 -6.76385854e-02 -1.62278433e-01  1.68057815e+00\n",
      "  -2.64564067e-01 -3.53790189e-01  2.23056415e-02  8.81751172e+00\n",
      "  -1.42595920e+00 -1.55025605e+00  2.97654821e+00 -1.24644433e+00\n",
      "   5.43792287e-01 -1.12089428e+00  5.95961211e-02]\n",
      " [ 8.98812721e-02  1.14778833e-01  1.69733510e-01 -1.96466540e+00\n",
      "  -1.09605176e+00 -1.29640529e+00  1.27723667e+00 -1.42595920e+00\n",
      "   1.00068959e+01 -1.31259254e+00 -1.70777908e+00  1.00245236e+00\n",
      "   2.40259924e-01 -1.00560035e+00 -2.11190881e-01]\n",
