{
 "cells": [
  {
   "cell_type": "code",
   "execution_count": 155,
   "id": "d149788e",
   "metadata": {},
   "outputs": [],
   "source": [
    "import numpy as np\n",
    "from numpy.linalg import inv\n",
    "from numpy import linalg as LA\n",
    "import matplotlib.pyplot as plt"
   ]
  },
  {
   "cell_type": "code",
   "execution_count": 156,
   "id": "4f2bfb71",
   "metadata": {},
   "outputs": [],
   "source": [
    "def createModelMatrix(matrixDim,sparsity):\n",
    "    #matrixDim=10\n",
    "    #sparsity = 0.01\n",
    "    Amat = np.zeros((matrixDim,matrixDim))\n",
    "    for i in range(0,matrixDim):\n",
    "        Amat[i,i] = i + 1\n",
    "    Amat = Amat + sparsity*np.random.randint(20,size=(matrixDim,matrixDim)) \n",
    "    print(\"Amat: \\n\",Amat)\n",
    "    u,v=LA.eig(Amat)\n",
    "    print('Correct roots: ',np.sort(u))\n",
    "    return Amat\n",
    "\n",
    "def defineAllVariables(Amat,matrixDim): #defines single vector p,q,eps,H0,V from a given matrix and its dimension\n",
    "    p=np.zeros((matrixDim,1))\n",
    "    q=np.zeros((matrixDim,matrixDim-1))\n",
    "    print(np.shape(p),np.shape(q))\n",
    "    diagMat=np.diag(Amat)\n",
    "    print('diagonal of Matrix: ',diagMat)\n",
    "    \n",
    "    newDiag=[]\n",
    "    for i in range(matrixDim):\n",
    "        for j in range(matrixDim):\n",
    "            if i==j:\n",
    "                newDiag.append(Amat[i,j])\n",
    "                \n",
    "    print('new diagonal of matrix: ',newDiag)\n",
    "    \n",
    "    lowestElements=np.argsort(diagMat)\n",
    "    print('lowest element index:',lowestElements)\n",
    "    print('actual lowest element of Hbar:',diagMat[lowestElements[0]])\n",
    "\n",
    "    p[lowestElements[0],0]=1.0\n",
    "    print('p',p)\n",
    "    counter=0\n",
    "    for i in range(len(lowestElements)):\n",
    "        if i==lowestElements[0]:\n",
    "            continue\n",
    "        else:\n",
    "            q[lowestElements[i],counter]=1.0\n",
    "            counter=counter+1\n",
    "\n",
    "\n",
    "        \n",
    "        \n",
    "    H0=np.diag(np.diag(Amat))#np.matmul(np.matmul(projP,Amat),projP)\n",
    "    V=Amat-H0\n",
    "    print('V \\n',V)\n",
    "    #print('original Guess:',diagMat[0])\n",
    "    guessEps=diagMat[lowestElements[0]] -0.01\n",
    "    eps=guessEps\n",
    "    print('init Guess:',eps)\n",
    "    \n",
    "    return p,q,H0,V,eps\n",
    "\n",
    "def createT0_projQ(q,qDim,H0Dim,eps,H0,order): #qDim>0\n",
    "    print('q',q,eps,qDim)\n",
    "    #eps[0]=eps[0]+0.1\n",
    "    epsMat=np.zeros((H0Dim,H0Dim))\n",
    "    denom=np.zeros((H0Dim,H0Dim))\n",
    "    np.fill_diagonal(epsMat,eps)\n",
    "    denom=epsMat-H0\n",
    "    print('eps-H0',denom)\n",
    "    denom=inv(denom)\n",
    "    \n",
    "    sumMatrix=np.zeros((H0Dim,H0Dim))\n",
    "    for i in range(qDim):\n",
    "        Q=np.outer(q[:,i],q[:,i])\n",
    "        sumMatrix=sumMatrix+Q\n",
    "        \n",
    "    sumMatrix=denom@sumMatrix\n",
    "    \n",
    "    \n",
    "#     sumMatrix=np.zeros((H0Dim,H0Dim))\n",
    "#     for i in range(qDim):\n",
    "#         Q=np.outer(q[:,i],q[:,i])\n",
    "#         #print('Q outer:',Q)\n",
    "#         QH0Q=np.matmul(np.matmul(Q,H0),Q)\n",
    "#         denom=epsMat-QH0Q\n",
    "\n",
    "#         for x in range(H0Dim):\n",
    "#             if (abs(denom[x,x]) < 0.0001):\n",
    "#                 if (denom[x,x]< 0.00000000000000001):\n",
    "#                     factor=-1.0\n",
    "#                     denom[x,x]=factor*0.0001\n",
    "#                 else:\n",
    "#                     factor=1.0\n",
    "#                     denom[x,x]=factor*0.0001\n",
    "#             denom[x,x]=1.0/denom[x,x]\n",
    "\n",
    "#         #denom=inv(denom)\n",
    "    \n",
    "#             sumMatrix=sumMatrix+np.matmul(np.matmul(Q,denom),Q) #q[:,i],denom),q[:,i].T)\n",
    "    print('T0 value is: ',sumMatrix)\n",
    "    return sumMatrix\n",
    "\n",
    "\n",
    "def extendPSpace(T0,V,p,order):\n",
    "    T0V=np.matmul(T0,V)\n",
    "    tmp=T0V\n",
    "    \n",
    "    for i in range(1,order+1):\n",
    "        print('extending guess for order: ',i)\n",
    "        tmp=np.matmul(tmp,T0V)\n",
    "        \n",
    "    correctionVec=np.matmul(tmp,p)\n",
    "    print('Correction vector: \\n',correctionVec)\n",
    "    return correctionVec\n",
    "\n",
    "def computeRHR(fullSpace,H,HDim,order):\n",
    "    overlap=fullSpace[:,:order+1].T @ fullSpace[:,:order+1]\n",
    "    print('overlap',overlap)\n",
    "    s,u=LA.eig(overlap)\n",
    "    print('little s:',s)\n",
    "    sDiag=np.zeros((order+1,order+1))#\n",
    "    np.fill_diagonal(sDiag,s)\n",
    "    for i in range(order+1):\n",
    "        sDiag[i,i]=1.0/np.sqrt(sDiag[i,i])\n",
    "    print('sdiag:',sDiag)\n",
    "        \n",
    "    X=u.T @ sDiag\n",
    "    X=X @ u\n",
    "    RHR=(fullSpace[:,:order+1].T @ H) @ fullSpace[:,:order+1]\n",
    "    Hprime=X.T @ RHR\n",
    "    Hprime=Hprime @ X\n",
    "    try:\n",
    "        roots,vecs=LA.eig(Hprime)\n",
    "        indx=roots.argsort()\n",
    "        theta=roots[indx]\n",
    "        vecs=vecs[:,indx] # these are C' ; must convert back to C, ie XC'=C\n",
    "        transformedVecs=X@vecs # this is the back transform step\n",
    "        usableRoots=[ elem for elem in theta if elem > 0.15 ]\n",
    "        usableIndx=[x for x in range(len(theta)) if theta[x] > 0.15]\n",
    "        print('Usable roots from <R|H|R>: ',usableRoots)\n",
    "        print('Usable vecs from <R|H|R>: ',transformedVecs[:,usableIndx])\n",
    "    except np.linalg.LinAlgError as err:\n",
    "        print('inf or NaN inside the code performing delta^(-1/2)Hdelta^(-1/2) diagonalization!!')\n",
    "        print(\"Formal error message: \")\n",
    "        print(err)\n",
    "    \n",
    "    \n",
    "    ## test orthogonalizing fullspace\n",
    "    qq,r=LA.qr(fullSpace[:,:order+1])\n",
    "    RHR=(qq.T @ H) @ qq\n",
    "    print('RHR: \\n',RHR)\n",
    "    roots,vecs=LA.eig(RHR)\n",
    "    print('Roots from <R|H|R> via QR:',np.sort(roots))\n",
    "    indx=roots.argsort()\n",
    "    theta=roots[indx]\n",
    "    vecs=vecs[:,indx]\n",
    "    print('C_i vecs: ',vecs)\n",
    "    usableRoots=[ elem for elem in theta if elem > 0.15 ]\n",
    "    usableIndx=[x for x in range(len(theta)) if theta[x] > 0.15]\n",
    "    print('C_i vecs: ',vecs[:,usableIndx])\n",
    "    return usableRoots,vecs[:,usableIndx]#usableRoots,transformedVecs[:,usableIndx]   \n",
    "        \n",
    "        \n",
    "def runVariationalAlgo(H,Hdim):\n",
    "    p,q,H0,V,eps=defineAllVariables(H,Hdim)\n",
    "    print('H0:',H0)\n",
    "    fullSpace=np.zeros((Hdim,Hdim))\n",
    "    print('shape of FS and p',np.shape(fullSpace[:,0]),np.shape(p))\n",
    "    fullSpace[:,[0]]=p\n",
    "    order=0\n",
    "    qDim=Hdim-1\n",
    "    Hbkup=H\n",
    "    print('initial guess H0: ',eps)\n",
    "    finalEps=[]\n",
    "    for i in range(4):\n",
    "        print('*********************************')\n",
    "        print('*********************************')\n",
    "        print('***** Iteration: ',i)\n",
    "        if (i > 0 ): # redefine H0,V from fatPhi of prior iteration\n",
    "            pBkup,qBkup,H0,V,BSeps=defineAllVariables(H,Hdim)\n",
    "            fullSpace[:,0]=fatPhi\n",
    "            \n",
    "            \n",
    "        T0=createT0_projQ(q,qDim,Hdim,eps,H0,order)\n",
    "        if (i==0):\n",
    "            pertVec=extendPSpace(T0,V,p,order) # first order correction\n",
    "        else:\n",
    "            pertVec=extendPSpace(T0,V,fatPhi,order)\n",
    "        \n",
    "        order=order+1\n",
    "        print('pertVec:',pertVec)\n",
    "        pertVec=np.reshape(pertVec,(Hdim,1))\n",
    "        print('shape of pertVec*****:',np.shape(pertVec))\n",
    "        fullSpace[:,[order]]=pertVec\n",
    "        \n",
    "        ## try orthogonalizing fullSpace\n",
    "        qq,r=LA.qr(fullSpace[:,:order+1])\n",
    "        fullSpace[:,:order+1]=qq\n",
    "        ##\n",
    "        ritzRoots,ritzVecs=computeRHR(fullSpace,H,Hdim,order)\n",
    "        print('ritzVecs:',ritzVecs)\n",
    "        print('ritzRoots:',np.sort(ritzRoots))\n",
    "        eps=np.sort(ritzRoots)[0]-0.01\n",
    "        finalEps.append(eps)\n",
    "        fatPhi=np.zeros((Hdim,1))\n",
    "        fatPhi=fullSpace[:,:order+1]@ritzVecs[:,0]# approx to the lowest energy eigenvector\n",
    "        projFatPhi=np.outer(fatPhi,fatPhi)\n",
    "        print('shape of H b4 proj:',np.shape(H))\n",
    "        H=(projFatPhi @ H) @ projFatPhi\n",
    "        print('shape of H after projFatPhi:',np.shape(H))\n",
    "        print('Redefined H: ',H)\n",
    "        roots,vecs=LA.eig(H)\n",
    "        print('eigenvalues of new H: ',np.sort(roots))\n",
    "        order=0\n",
    "        \n",
    "        \n",
    "        \n",
    "    return finalEps\n",
    "       \n",
    "\n"
   ]
  },
  {
   "cell_type": "code",
   "execution_count": null,
   "id": "54232d81",
   "metadata": {},
   "outputs": [],
   "source": []
  },
  {
   "cell_type": "code",
   "execution_count": 146,
   "id": "8321d04c",
   "metadata": {},
   "outputs": [
    {
     "name": "stdout",
     "output_type": "stream",
     "text": [
      "Convergence Info:  [0.809720007637575, 0.8097200076375756]\n"
     ]
    }
   ],
   "source": [
    "print('Convergence Info: ',finalEps)"
   ]
  },
  {
   "cell_type": "code",
   "execution_count": 154,
   "id": "a67446be",
   "metadata": {},
   "outputs": [
    {
     "name": "stdout",
     "output_type": "stream",
     "text": [
      "[ 8.28692379e-01  5.54853946e-02  9.41294716e-03  0.00000000e+00\n",
      "  0.00000000e+00  1.00346189e-02  0.00000000e+00  0.00000000e+00\n",
      "  1.02642480e-02  4.58917500e-03  4.92319800e-02  1.20240609e+00\n",
      " -4.05652551e-02  0.00000000e+00  0.00000000e+00 -3.36256815e-02\n",
      "  0.00000000e+00  0.00000000e+00 -4.23616784e-02 -2.23130733e-02\n",
      "  9.31659731e-04  1.63686245e+00  0.00000000e+00  0.00000000e+00\n",
      " -2.91054360e-03  0.00000000e+00  0.00000000e+00  7.95477687e-03\n",
      "  1.80429220e-02  2.29463146e-03  1.78808803e+00  0.00000000e+00\n",
      "  0.00000000e+00 -2.38849123e-03  3.78608309e-02  0.00000000e+00\n",
      "  0.00000000e+00  0.00000000e+00  1.78808803e+00  0.00000000e+00\n",
      " -3.78608309e-02 -2.38849123e-03  0.00000000e+00  0.00000000e+00\n",
      "  0.00000000e+00  2.12464069e+00  0.00000000e+00  0.00000000e+00\n",
      "  3.86410672e-02  4.88817502e-02  8.70826803e-03  2.36104099e+00\n",
      "  0.00000000e+00  0.00000000e+00  0.00000000e+00  0.00000000e+00\n",
      "  2.36104099e+00  0.00000000e+00  0.00000000e+00  0.00000000e+00\n",
      "  3.01429477e+00 -2.22908540e-02 -1.55277082e-02  3.21425966e+00\n",
      "  3.27965591e-04  6.83213172e+00]\n",
      "i,j: 0 0\n",
      "i,j: 0 1\n",
      "i,j: 0 2\n",
      "i,j: 0 3\n",
      "i,j: 0 4\n",
      "i,j: 0 5\n",
      "i,j: 0 6\n",
      "i,j: 0 7\n",
      "i,j: 0 8\n",
      "i,j: 0 9\n",
      "i,j: 0 10\n",
      "i,j: 1 1\n",
      "i,j: 1 2\n",
      "i,j: 1 3\n",
      "i,j: 1 4\n",
      "i,j: 1 5\n",
      "i,j: 1 6\n",
      "i,j: 1 7\n",
      "i,j: 1 8\n",
      "i,j: 1 9\n",
      "i,j: 1 10\n",
      "i,j: 2 2\n",
      "i,j: 2 3\n",
      "i,j: 2 4\n",
      "i,j: 2 5\n",
      "i,j: 2 6\n",
      "i,j: 2 7\n",
      "i,j: 2 8\n",
      "i,j: 2 9\n",
      "i,j: 2 10\n",
      "i,j: 3 3\n",
      "i,j: 3 4\n",
      "i,j: 3 5\n",
      "i,j: 3 6\n",
      "i,j: 3 7\n",
      "i,j: 3 8\n",
      "i,j: 3 9\n",
      "i,j: 3 10\n",
      "i,j: 4 4\n",
      "i,j: 4 5\n",
      "i,j: 4 6\n",
      "i,j: 4 7\n",
      "i,j: 4 8\n",
      "i,j: 4 9\n",
      "i,j: 4 10\n",
      "i,j: 5 5\n",
      "i,j: 5 6\n",
      "i,j: 5 7\n",
      "i,j: 5 8\n",
      "i,j: 5 9\n",
      "i,j: 5 10\n",
      "i,j: 6 6\n",
      "i,j: 6 7\n",
      "i,j: 6 8\n",
      "i,j: 6 9\n",
      "i,j: 6 10\n",
      "i,j: 7 7\n",
      "i,j: 7 8\n",
      "i,j: 7 9\n",
      "i,j: 7 10\n",
      "i,j: 8 8\n",
      "i,j: 8 9\n",
      "i,j: 8 10\n",
      "i,j: 9 9\n",
      "i,j: 9 10\n",
      "i,j: 10 10\n",
      "finalCISheH [[ 8.28692379e-01  5.54853946e-02  9.41294716e-03  0.00000000e+00\n",
      "   0.00000000e+00  1.00346189e-02  0.00000000e+00  0.00000000e+00\n",
      "   1.02642480e-02  4.58917500e-03  4.92319800e-02]\n",
      " [ 5.54853946e-02  1.20240609e+00 -4.05652551e-02  0.00000000e+00\n",
      "   0.00000000e+00 -3.36256815e-02  0.00000000e+00  0.00000000e+00\n",
      "  -4.23616784e-02 -2.23130733e-02  9.31659731e-04]\n",
      " [ 9.41294716e-03 -4.05652551e-02  1.63686245e+00  0.00000000e+00\n",
      "   0.00000000e+00 -2.91054360e-03  0.00000000e+00  0.00000000e+00\n",
      "   7.95477687e-03  1.80429220e-02  2.29463146e-03]\n",
      " [ 0.00000000e+00  0.00000000e+00  0.00000000e+00  1.78808803e+00\n",
      "   0.00000000e+00  0.00000000e+00 -2.38849123e-03  3.78608309e-02\n",
      "   0.00000000e+00  0.00000000e+00  0.00000000e+00]\n",
      " [ 0.00000000e+00  0.00000000e+00  0.00000000e+00  0.00000000e+00\n",
      "   1.78808803e+00  0.00000000e+00 -3.78608309e-02 -2.38849123e-03\n",
      "   0.00000000e+00  0.00000000e+00  0.00000000e+00]\n",
      " [ 1.00346189e-02 -3.36256815e-02 -2.91054360e-03  0.00000000e+00\n",
      "   0.00000000e+00  2.12464069e+00  0.00000000e+00  0.00000000e+00\n",
      "   3.86410672e-02  4.88817502e-02  8.70826803e-03]\n",
      " [ 0.00000000e+00  0.00000000e+00  0.00000000e+00 -2.38849123e-03\n",
      "  -3.78608309e-02  0.00000000e+00  2.36104099e+00  0.00000000e+00\n",
      "   0.00000000e+00  0.00000000e+00  0.00000000e+00]\n",
      " [ 0.00000000e+00  0.00000000e+00  0.00000000e+00  3.78608309e-02\n",
      "  -2.38849123e-03  0.00000000e+00  0.00000000e+00  2.36104099e+00\n",
      "   0.00000000e+00  0.00000000e+00  0.00000000e+00]\n",
      " [ 1.02642480e-02 -4.23616784e-02  7.95477687e-03  0.00000000e+00\n",
      "   0.00000000e+00  3.86410672e-02  0.00000000e+00  0.00000000e+00\n",
      "   3.01429477e+00 -2.22908540e-02 -1.55277082e-02]\n",
      " [ 4.58917500e-03 -2.23130733e-02  1.80429220e-02  0.00000000e+00\n",
      "   0.00000000e+00  4.88817502e-02  0.00000000e+00  0.00000000e+00\n",
      "  -2.22908540e-02  3.21425966e+00  3.27965591e-04]\n",
      " [ 4.92319800e-02  9.31659731e-04  2.29463146e-03  0.00000000e+00\n",
      "   0.00000000e+00  8.70826803e-03  0.00000000e+00  0.00000000e+00\n",
      "  -1.55277082e-02  3.27965591e-04  6.83213172e+00]]\n",
      "HeH+ CIS roots: [0.81964986 1.20487995 1.64027625 1.78558713 1.78558713 2.12175551\n",
      " 2.36354188 2.36354188 3.0152011  3.21890985 6.83261524]\n",
      "(11, 1) (11, 10)\n",
      "diagonal of Matrix:  [0.82869238 1.20240609 1.63686245 1.78808803 1.78808803 2.12464069\n",
      " 2.36104099 2.36104099 3.01429477 3.21425966 6.83213172]\n",
      "new diagonal of matrix:  [0.82869237914413, 1.20240609301957, 1.63686244705418, 1.78808802550113, 1.78808802550113, 2.12464069128566, 2.36104098719593, 2.36104098719594, 3.01429476835676, 3.21425966223719, 6.83213172425802]\n",
      "lowest element index: [ 0  1  2  3  4  5  6  7  8  9 10]\n",
      "actual lowest element of Hbar: 0.82869237914413\n",
      "p [[1.]\n",
      " [0.]\n",
      " [0.]\n",
      " [0.]\n",
      " [0.]\n",
      " [0.]\n",
      " [0.]\n",
      " [0.]\n",
      " [0.]\n",
      " [0.]\n",
      " [0.]]\n",
      "V \n",
      " [[ 0.          0.05548539  0.00941295  0.          0.          0.01003462\n",
      "   0.          0.          0.01026425  0.00458917  0.04923198]\n",
      " [ 0.05548539  0.         -0.04056526  0.          0.         -0.03362568\n",
      "   0.          0.         -0.04236168 -0.02231307  0.00093166]\n",
      " [ 0.00941295 -0.04056526  0.          0.          0.         -0.00291054\n",
      "   0.          0.          0.00795478  0.01804292  0.00229463]\n",
      " [ 0.          0.          0.          0.          0.          0.\n",
      "  -0.00238849  0.03786083  0.          0.          0.        ]\n",
      " [ 0.          0.          0.          0.          0.          0.\n",
      "  -0.03786083 -0.00238849  0.          0.          0.        ]\n",
      " [ 0.01003462 -0.03362568 -0.00291054  0.          0.          0.\n",
      "   0.          0.          0.03864107  0.04888175  0.00870827]\n",
      " [ 0.          0.          0.         -0.00238849 -0.03786083  0.\n",
      "   0.          0.          0.          0.          0.        ]\n",
      " [ 0.          0.          0.          0.03786083 -0.00238849  0.\n",
      "   0.          0.          0.          0.          0.        ]\n",
      " [ 0.01026425 -0.04236168  0.00795478  0.          0.          0.03864107\n",
      "   0.          0.          0.         -0.02229085 -0.01552771]\n",
      " [ 0.00458917 -0.02231307  0.01804292  0.          0.          0.04888175\n",
      "   0.          0.         -0.02229085  0.          0.00032797]\n",
      " [ 0.04923198  0.00093166  0.00229463  0.          0.          0.00870827\n",
      "   0.          0.         -0.01552771  0.00032797  0.        ]]\n",
      "init Guess: 0.81869237914413\n",
      "H0: [[0.82869238 0.         0.         0.         0.         0.\n",
      "  0.         0.         0.         0.         0.        ]\n",
      " [0.         1.20240609 0.         0.         0.         0.\n",
      "  0.         0.         0.         0.         0.        ]\n",
      " [0.         0.         1.63686245 0.         0.         0.\n",
      "  0.         0.         0.         0.         0.        ]\n",
      " [0.         0.         0.         1.78808803 0.         0.\n",
      "  0.         0.         0.         0.         0.        ]\n",
      " [0.         0.         0.         0.         1.78808803 0.\n",
      "  0.         0.         0.         0.         0.        ]\n",
      " [0.         0.         0.         0.         0.         2.12464069\n",
      "  0.         0.         0.         0.         0.        ]\n",
      " [0.         0.         0.         0.         0.         0.\n",
      "  2.36104099 0.         0.         0.         0.        ]\n",
      " [0.         0.         0.         0.         0.         0.\n",
      "  0.         2.36104099 0.         0.         0.        ]\n",
      " [0.         0.         0.         0.         0.         0.\n",
      "  0.         0.         3.01429477 0.         0.        ]\n",
      " [0.         0.         0.         0.         0.         0.\n",
      "  0.         0.         0.         3.21425966 0.        ]\n",
      " [0.         0.         0.         0.         0.         0.\n",
      "  0.         0.         0.         0.         6.83213172]]\n",
      "shape of FS and p (11,) (11, 1)\n",
      "initial guess H0:  0.81869237914413\n",
      "*********************************\n",
      "*********************************\n",
      "***** Iteration:  0\n",
      "q [[0. 0. 0. 0. 0. 0. 0. 0. 0. 0.]\n",
      " [1. 0. 0. 0. 0. 0. 0. 0. 0. 0.]\n",
      " [0. 1. 0. 0. 0. 0. 0. 0. 0. 0.]\n",
      " [0. 0. 1. 0. 0. 0. 0. 0. 0. 0.]\n",
      " [0. 0. 0. 1. 0. 0. 0. 0. 0. 0.]\n",
      " [0. 0. 0. 0. 1. 0. 0. 0. 0. 0.]\n",
      " [0. 0. 0. 0. 0. 1. 0. 0. 0. 0.]\n",
      " [0. 0. 0. 0. 0. 0. 1. 0. 0. 0.]\n",
      " [0. 0. 0. 0. 0. 0. 0. 1. 0. 0.]\n",
      " [0. 0. 0. 0. 0. 0. 0. 0. 1. 0.]\n",
      " [0. 0. 0. 0. 0. 0. 0. 0. 0. 1.]] 0.81869237914413 10\n",
      "eps-H0 [[-0.01        0.          0.          0.          0.          0.\n",
      "   0.          0.          0.          0.          0.        ]\n",
      " [ 0.         -0.38371371  0.          0.          0.          0.\n",
      "   0.          0.          0.          0.          0.        ]\n",
      " [ 0.          0.         -0.81817007  0.          0.          0.\n",
      "   0.          0.          0.          0.          0.        ]\n",
      " [ 0.          0.          0.         -0.96939565  0.          0.\n",
      "   0.          0.          0.          0.          0.        ]\n",
      " [ 0.          0.          0.          0.         -0.96939565  0.\n",
      "   0.          0.          0.          0.          0.        ]\n",
      " [ 0.          0.          0.          0.          0.         -1.30594831\n",
      "   0.          0.          0.          0.          0.        ]\n",
      " [ 0.          0.          0.          0.          0.          0.\n",
      "  -1.54234861  0.          0.          0.          0.        ]\n",
      " [ 0.          0.          0.          0.          0.          0.\n",
      "   0.         -1.54234861  0.          0.          0.        ]\n",
      " [ 0.          0.          0.          0.          0.          0.\n",
      "   0.          0.         -2.19560239  0.          0.        ]\n",
      " [ 0.          0.          0.          0.          0.          0.\n",
      "   0.          0.          0.         -2.39556728  0.        ]\n",
      " [ 0.          0.          0.          0.          0.          0.\n",
      "   0.          0.          0.          0.         -6.01343935]]\n",
      "T0 value is:  [[ 0.          0.          0.          0.          0.          0.\n",
      "   0.          0.          0.          0.          0.        ]\n",
      " [ 0.         -2.60610962  0.          0.          0.          0.\n",
      "   0.          0.          0.          0.          0.        ]\n",
      " [ 0.          0.         -1.22223978  0.          0.          0.\n",
      "   0.          0.          0.          0.          0.        ]\n",
      " [ 0.          0.          0.         -1.03157055  0.          0.\n",
      "   0.          0.          0.          0.          0.        ]\n",
      " [ 0.          0.          0.          0.         -1.03157055  0.\n",
      "   0.          0.          0.          0.          0.        ]\n",
      " [ 0.          0.          0.          0.          0.         -0.76572709\n",
      "   0.          0.          0.          0.          0.        ]\n",
      " [ 0.          0.          0.          0.          0.          0.\n",
      "  -0.64836185  0.          0.          0.          0.        ]\n",
      " [ 0.          0.          0.          0.          0.          0.\n",
      "   0.         -0.64836185  0.          0.          0.        ]\n",
      " [ 0.          0.          0.          0.          0.          0.\n",
      "   0.          0.         -0.45545587  0.          0.        ]\n",
      " [ 0.          0.          0.          0.          0.          0.\n",
      "   0.          0.          0.         -0.41743766  0.        ]\n",
      " [ 0.          0.          0.          0.          0.          0.\n",
      "   0.          0.          0.          0.         -0.16629419]]\n",
      "Correction vector: \n",
      " [[ 0.        ]\n",
      " [-0.14460102]\n",
      " [-0.01150488]\n",
      " [ 0.        ]\n",
      " [ 0.        ]\n",
      " [-0.00768378]\n",
      " [ 0.        ]\n",
      " [ 0.        ]\n",
      " [-0.00467491]\n",
      " [-0.00191569]\n",
      " [-0.00818699]]\n",
      "pertVec: [[ 0.        ]\n",
      " [-0.14460102]\n",
      " [-0.01150488]\n",
      " [ 0.        ]\n",
      " [ 0.        ]\n",
      " [-0.00768378]\n",
      " [ 0.        ]\n",
      " [ 0.        ]\n",
      " [-0.00467491]\n",
      " [-0.00191569]\n",
      " [-0.00818699]]\n",
      "shape of pertVec*****: (11, 1)\n",
      "overlap [[1. 0.]\n",
      " [0. 1.]]\n",
      "little s: [1. 1.]\n",
      "sdiag: [[1. 0.]\n",
      " [0. 1.]]\n",
      "Usable roots from <R|H|R>:  [0.819720007637575, 1.223856888728828]\n",
      "Usable vecs from <R|H|R>:  [[-0.98883703  0.14900107]\n",
      " [-0.14900107 -0.98883703]]\n",
      "RHR: \n",
      " [[ 0.82869238 -0.05954463]\n",
      " [-0.05954463  1.21488452]]\n",
      "Roots from <R|H|R> via QR: [0.81972001 1.22385689]\n",
      "C_i vecs:  [[-0.98883703  0.14900107]\n",
      " [-0.14900107 -0.98883703]]\n",
      "C_i vecs:  [[-0.98883703  0.14900107]\n",
      " [-0.14900107 -0.98883703]]\n",
      "ritzVecs: [[-0.98883703  0.14900107]\n",
      " [-0.14900107 -0.98883703]]\n",
      "ritzRoots: [0.81972001 1.22385689]\n",
      "shape of H b4 proj: (11, 11)\n",
      "shape of H after projFatPhi: (11, 11)\n",
      "Redefined H:  [[ 8.01521143e-01 -1.19963902e-01 -9.54467753e-03  0.00000000e+00\n",
      "   0.00000000e+00 -6.37461736e-03  0.00000000e+00  0.00000000e+00\n",
      "  -3.87840064e-03 -1.58929850e-03 -6.79209254e-03]\n",
      " [-1.19963902e-01  1.79550321e-02  1.42855466e-03  0.00000000e+00\n",
      "   0.00000000e+00  9.54090832e-04  0.00000000e+00  0.00000000e+00\n",
      "   5.80481351e-04  2.37870768e-04  1.01657446e-03]\n",
      " [-9.54467753e-03  1.42855466e-03  1.13659970e-04  0.00000000e+00\n",
      "   0.00000000e+00  7.59102459e-05  0.00000000e+00  0.00000000e+00\n",
      "   4.61847873e-05  1.89256912e-05  8.08816257e-05]\n",
      " [ 0.00000000e+00  0.00000000e+00  0.00000000e+00  0.00000000e+00\n",
      "   0.00000000e+00  0.00000000e+00  0.00000000e+00  0.00000000e+00\n",
      "   0.00000000e+00  0.00000000e+00  0.00000000e+00]\n",
      " [ 0.00000000e+00  0.00000000e+00  0.00000000e+00  0.00000000e+00\n",
      "   0.00000000e+00  0.00000000e+00  0.00000000e+00  0.00000000e+00\n",
      "   0.00000000e+00  0.00000000e+00  0.00000000e+00]\n",
      " [-6.37461736e-03  9.54090832e-04  7.59102459e-05  0.00000000e+00\n",
      "   0.00000000e+00  5.06982839e-05  0.00000000e+00  0.00000000e+00\n",
      "   3.08454995e-05  1.26399283e-05  5.40185264e-05]\n",
      " [ 0.00000000e+00  0.00000000e+00  0.00000000e+00  0.00000000e+00\n",
      "   0.00000000e+00  0.00000000e+00  0.00000000e+00  0.00000000e+00\n",
      "   0.00000000e+00  0.00000000e+00  0.00000000e+00]\n",
      " [ 0.00000000e+00  0.00000000e+00  0.00000000e+00  0.00000000e+00\n",
      "   0.00000000e+00  0.00000000e+00  0.00000000e+00  0.00000000e+00\n",
      "   0.00000000e+00  0.00000000e+00  0.00000000e+00]\n",
      " [-3.87840064e-03  5.80481351e-04  4.61847873e-05  0.00000000e+00\n",
      "   0.00000000e+00  3.08454995e-05  0.00000000e+00  0.00000000e+00\n",
      "   1.87668057e-05  7.69029783e-06  3.28655785e-05]\n",
      " [-1.58929850e-03  2.37870768e-04  1.89256912e-05  0.00000000e+00\n",
      "   0.00000000e+00  1.26399283e-05  0.00000000e+00  0.00000000e+00\n",
      "   7.69029783e-06  3.15134508e-06  1.34677202e-05]\n",
      " [-6.79209254e-03  1.01657446e-03  8.08816257e-05  0.00000000e+00\n",
      "   0.00000000e+00  5.40185264e-05  0.00000000e+00  0.00000000e+00\n",
      "   3.28655785e-05  1.34677202e-05  5.75562123e-05]]\n",
      "eigenvalues of new H:  [-1.45298544e-20+0.00000000e+00j -6.90173217e-22+0.00000000e+00j\n",
      "  0.00000000e+00+0.00000000e+00j  0.00000000e+00+0.00000000e+00j\n",
      "  0.00000000e+00+0.00000000e+00j  0.00000000e+00+0.00000000e+00j\n",
      "  0.00000000e+00+0.00000000e+00j  7.55353948e-22-5.83049509e-21j\n",
      "  7.55353948e-22+5.83049509e-21j  2.76048511e-20+0.00000000e+00j\n",
      "  8.19720008e-01+0.00000000e+00j]\n",
      "*********************************\n",
      "*********************************\n",
      "***** Iteration:  1\n",
      "(11, 1) (11, 10)\n",
      "diagonal of Matrix:  [8.01521143e-01 1.79550321e-02 1.13659970e-04 0.00000000e+00\n",
      " 0.00000000e+00 5.06982839e-05 0.00000000e+00 0.00000000e+00\n",
      " 1.87668057e-05 3.15134508e-06 5.75562123e-05]\n",
      "new diagonal of matrix:  [0.8015211428865511, 0.01795503213383763, 0.00011365997023670417, 0.0, 0.0, 5.069828386452475e-05, 0.0, 0.0, 1.876680567719955e-05, 3.1513450789758375e-06, 5.755621232903675e-05]\n",
      "lowest element index: [ 3  4  6  7  9  8  5 10  2  1  0]\n",
      "actual lowest element of Hbar: 0.0\n",
      "p [[0.]\n",
      " [0.]\n",
      " [0.]\n",
      " [1.]\n",
      " [0.]\n",
      " [0.]\n",
      " [0.]\n",
      " [0.]\n",
      " [0.]\n",
      " [0.]\n",
      " [0.]]\n",
      "V \n",
      " [[ 0.00000000e+00 -1.19963902e-01 -9.54467753e-03  0.00000000e+00\n",
      "   0.00000000e+00 -6.37461736e-03  0.00000000e+00  0.00000000e+00\n",
      "  -3.87840064e-03 -1.58929850e-03 -6.79209254e-03]\n",
      " [-1.19963902e-01  0.00000000e+00  1.42855466e-03  0.00000000e+00\n",
      "   0.00000000e+00  9.54090832e-04  0.00000000e+00  0.00000000e+00\n",
      "   5.80481351e-04  2.37870768e-04  1.01657446e-03]\n",
      " [-9.54467753e-03  1.42855466e-03  0.00000000e+00  0.00000000e+00\n",
      "   0.00000000e+00  7.59102459e-05  0.00000000e+00  0.00000000e+00\n",
      "   4.61847873e-05  1.89256912e-05  8.08816257e-05]\n",
      " [ 0.00000000e+00  0.00000000e+00  0.00000000e+00  0.00000000e+00\n",
      "   0.00000000e+00  0.00000000e+00  0.00000000e+00  0.00000000e+00\n",
      "   0.00000000e+00  0.00000000e+00  0.00000000e+00]\n",
      " [ 0.00000000e+00  0.00000000e+00  0.00000000e+00  0.00000000e+00\n",
      "   0.00000000e+00  0.00000000e+00  0.00000000e+00  0.00000000e+00\n",
      "   0.00000000e+00  0.00000000e+00  0.00000000e+00]\n",
      " [-6.37461736e-03  9.54090832e-04  7.59102459e-05  0.00000000e+00\n",
      "   0.00000000e+00  0.00000000e+00  0.00000000e+00  0.00000000e+00\n",
      "   3.08454995e-05  1.26399283e-05  5.40185264e-05]\n",
      " [ 0.00000000e+00  0.00000000e+00  0.00000000e+00  0.00000000e+00\n",
      "   0.00000000e+00  0.00000000e+00  0.00000000e+00  0.00000000e+00\n",
      "   0.00000000e+00  0.00000000e+00  0.00000000e+00]\n",
      " [ 0.00000000e+00  0.00000000e+00  0.00000000e+00  0.00000000e+00\n",
      "   0.00000000e+00  0.00000000e+00  0.00000000e+00  0.00000000e+00\n",
      "   0.00000000e+00  0.00000000e+00  0.00000000e+00]\n",
      " [-3.87840064e-03  5.80481351e-04  4.61847873e-05  0.00000000e+00\n",
      "   0.00000000e+00  3.08454995e-05  0.00000000e+00  0.00000000e+00\n",
      "   0.00000000e+00  7.69029783e-06  3.28655785e-05]\n",
      " [-1.58929850e-03  2.37870768e-04  1.89256912e-05  0.00000000e+00\n",
      "   0.00000000e+00  1.26399283e-05  0.00000000e+00  0.00000000e+00\n",
      "   7.69029783e-06  0.00000000e+00  1.34677202e-05]\n",
      " [-6.79209254e-03  1.01657446e-03  8.08816257e-05  0.00000000e+00\n",
      "   0.00000000e+00  5.40185264e-05  0.00000000e+00  0.00000000e+00\n",
      "   3.28655785e-05  1.34677202e-05  0.00000000e+00]]\n",
      "init Guess: -0.01\n",
      "q [[0. 0. 0. 0. 0. 0. 0. 0. 0. 0.]\n",
      " [1. 0. 0. 0. 0. 0. 0. 0. 0. 0.]\n",
      " [0. 1. 0. 0. 0. 0. 0. 0. 0. 0.]\n",
      " [0. 0. 1. 0. 0. 0. 0. 0. 0. 0.]\n",
      " [0. 0. 0. 1. 0. 0. 0. 0. 0. 0.]\n",
      " [0. 0. 0. 0. 1. 0. 0. 0. 0. 0.]\n",
      " [0. 0. 0. 0. 0. 1. 0. 0. 0. 0.]\n",
      " [0. 0. 0. 0. 0. 0. 1. 0. 0. 0.]\n",
      " [0. 0. 0. 0. 0. 0. 0. 1. 0. 0.]\n",
      " [0. 0. 0. 0. 0. 0. 0. 0. 1. 0.]\n",
      " [0. 0. 0. 0. 0. 0. 0. 0. 0. 1.]] 0.809720007637575 10\n",
      "eps-H0 [[0.00819886 0.         0.         0.         0.         0.\n",
      "  0.         0.         0.         0.         0.        ]\n",
      " [0.         0.79176498 0.         0.         0.         0.\n",
      "  0.         0.         0.         0.         0.        ]\n",
      " [0.         0.         0.80960635 0.         0.         0.\n",
      "  0.         0.         0.         0.         0.        ]\n",
      " [0.         0.         0.         0.80972001 0.         0.\n",
      "  0.         0.         0.         0.         0.        ]\n",
      " [0.         0.         0.         0.         0.80972001 0.\n",
      "  0.         0.         0.         0.         0.        ]\n",
      " [0.         0.         0.         0.         0.         0.80966931\n",
      "  0.         0.         0.         0.         0.        ]\n",
      " [0.         0.         0.         0.         0.         0.\n",
      "  0.80972001 0.         0.         0.         0.        ]\n",
      " [0.         0.         0.         0.         0.         0.\n",
      "  0.         0.80972001 0.         0.         0.        ]\n",
      " [0.         0.         0.         0.         0.         0.\n",
      "  0.         0.         0.80970124 0.         0.        ]\n",
      " [0.         0.         0.         0.         0.         0.\n",
      "  0.         0.         0.         0.80971686 0.        ]\n",
      " [0.         0.         0.         0.         0.         0.\n",
      "  0.         0.         0.         0.         0.80966245]]\n",
      "T0 value is:  [[0.         0.         0.         0.         0.         0.\n",
      "  0.         0.         0.         0.         0.        ]\n",
      " [0.         1.26300106 0.         0.         0.         0.\n",
      "  0.         0.         0.         0.         0.        ]\n",
      " [0.         0.         1.23516818 0.         0.         0.\n",
      "  0.         0.         0.         0.         0.        ]\n",
      " [0.         0.         0.         1.2349948  0.         0.\n",
      "  0.         0.         0.         0.         0.        ]\n",
      " [0.         0.         0.         0.         1.2349948  0.\n",
      "  0.         0.         0.         0.         0.        ]\n",
      " [0.         0.         0.         0.         0.         1.23507213\n",
      "  0.         0.         0.         0.         0.        ]\n",
      " [0.         0.         0.         0.         0.         0.\n",
      "  1.2349948  0.         0.         0.         0.        ]\n",
      " [0.         0.         0.         0.         0.         0.\n",
      "  0.         1.2349948  0.         0.         0.        ]\n",
      " [0.         0.         0.         0.         0.         0.\n",
      "  0.         0.         1.23502343 0.         0.        ]\n",
      " [0.         0.         0.         0.         0.         0.\n",
      "  0.         0.         0.         1.23499961 0.        ]\n",
      " [0.         0.         0.         0.         0.         0.\n",
      "  0.         0.         0.         0.         1.23508259]]\n",
      "Correction vector: \n",
      " [0.         0.14986876 0.01192072 0.         0.         0.0079615\n",
      " 0.         0.         0.00484388 0.00198493 0.0084829 ]\n",
      "pertVec: [0.         0.14986876 0.01192072 0.         0.         0.0079615\n",
      " 0.         0.         0.00484388 0.00198493 0.0084829 ]\n",
      "shape of pertVec*****: (11, 1)\n",
      "overlap [[ 1.00000000e+00 -7.80868652e-18]\n",
      " [-7.80868652e-18  1.00000000e+00]]\n",
      "little s: [1. 1.]\n",
      "sdiag: [[1. 0.]\n",
      " [0. 1.]]\n",
      "Usable roots from <R|H|R>:  [0.8197200076375751]\n",
      "Usable vecs from <R|H|R>:  [[ 1.00000000e+00]\n",
      " [-2.53107087e-17]]\n",
      "RHR: \n",
      " [[ 8.19720008e-01 -1.18320549e-17]\n",
      " [-2.08489611e-17 -2.25812741e-18]]\n",
      "Roots from <R|H|R> via QR: [-2.25812741e-18  8.19720008e-01]\n",
      "C_i vecs:  [[1.44342639e-17 1.00000000e+00]\n",
      " [1.00000000e+00 0.00000000e+00]]\n",
      "C_i vecs:  [[1.]\n",
      " [0.]]\n",
      "ritzVecs: [[1.]\n",
      " [0.]]\n",
      "ritzRoots: [0.81972001]\n",
      "shape of H b4 proj: (11, 11)\n",
      "shape of H after projFatPhi: (11, 11)\n",
      "Redefined H:  [[ 8.01521143e-01 -1.19963902e-01 -9.54467753e-03  0.00000000e+00\n",
      "   0.00000000e+00 -6.37461736e-03  0.00000000e+00  0.00000000e+00\n",
      "  -3.87840064e-03 -1.58929850e-03 -6.79209254e-03]\n",
      " [-1.19963902e-01  1.79550321e-02  1.42855466e-03  0.00000000e+00\n",
      "   0.00000000e+00  9.54090832e-04  0.00000000e+00  0.00000000e+00\n",
      "   5.80481351e-04  2.37870768e-04  1.01657446e-03]\n",
      " [-9.54467753e-03  1.42855466e-03  1.13659970e-04  0.00000000e+00\n",
      "   0.00000000e+00  7.59102459e-05  0.00000000e+00  0.00000000e+00\n",
      "   4.61847873e-05  1.89256912e-05  8.08816257e-05]\n",
      " [ 0.00000000e+00  0.00000000e+00  0.00000000e+00  0.00000000e+00\n",
      "   0.00000000e+00  0.00000000e+00  0.00000000e+00  0.00000000e+00\n",
      "   0.00000000e+00  0.00000000e+00  0.00000000e+00]\n",
      " [ 0.00000000e+00  0.00000000e+00  0.00000000e+00  0.00000000e+00\n",
      "   0.00000000e+00  0.00000000e+00  0.00000000e+00  0.00000000e+00\n",
      "   0.00000000e+00  0.00000000e+00  0.00000000e+00]\n",
      " [-6.37461736e-03  9.54090832e-04  7.59102459e-05  0.00000000e+00\n",
      "   0.00000000e+00  5.06982839e-05  0.00000000e+00  0.00000000e+00\n",
      "   3.08454995e-05  1.26399283e-05  5.40185264e-05]\n",
      " [ 0.00000000e+00  0.00000000e+00  0.00000000e+00  0.00000000e+00\n",
      "   0.00000000e+00  0.00000000e+00  0.00000000e+00  0.00000000e+00\n",
      "   0.00000000e+00  0.00000000e+00  0.00000000e+00]\n",
      " [ 0.00000000e+00  0.00000000e+00  0.00000000e+00  0.00000000e+00\n",
      "   0.00000000e+00  0.00000000e+00  0.00000000e+00  0.00000000e+00\n",
      "   0.00000000e+00  0.00000000e+00  0.00000000e+00]\n",
      " [-3.87840064e-03  5.80481351e-04  4.61847873e-05  0.00000000e+00\n",
      "   0.00000000e+00  3.08454995e-05  0.00000000e+00  0.00000000e+00\n",
      "   1.87668057e-05  7.69029783e-06  3.28655785e-05]\n",
      " [-1.58929850e-03  2.37870768e-04  1.89256912e-05  0.00000000e+00\n",
      "   0.00000000e+00  1.26399283e-05  0.00000000e+00  0.00000000e+00\n",
      "   7.69029783e-06  3.15134508e-06  1.34677202e-05]\n",
      " [-6.79209254e-03  1.01657446e-03  8.08816257e-05  0.00000000e+00\n",
      "   0.00000000e+00  5.40185264e-05  0.00000000e+00  0.00000000e+00\n",
      "   3.28655785e-05  1.34677202e-05  5.75562123e-05]]\n",
      "eigenvalues of new H:  [-8.52794614e-21-2.60259653e-21j -8.52794614e-21+2.60259653e-21j\n",
      "  0.00000000e+00+0.00000000e+00j  0.00000000e+00+0.00000000e+00j\n",
      "  0.00000000e+00+0.00000000e+00j  0.00000000e+00+0.00000000e+00j\n",
      "  1.50399013e-21+0.00000000e+00j  2.02675494e-21+0.00000000e+00j\n",
      "  1.16082739e-19+0.00000000e+00j  1.04083409e-17+0.00000000e+00j\n",
      "  8.19720008e-01+0.00000000e+00j]\n",
      "*********************************\n",
      "*********************************\n",
      "***** Iteration:  2\n",
      "(11, 1) (11, 10)\n",
      "diagonal of Matrix:  [8.01521143e-01 1.79550321e-02 1.13659970e-04 0.00000000e+00\n",
      " 0.00000000e+00 5.06982839e-05 0.00000000e+00 0.00000000e+00\n",
      " 1.87668057e-05 3.15134508e-06 5.75562123e-05]\n",
      "new diagonal of matrix:  [0.8015211428865509, 0.017955032133837635, 0.0001136599702367041, 0.0, 0.0, 5.069828386452474e-05, 0.0, 0.0, 1.8766805677199543e-05, 3.1513450789758362e-06, 5.7556212329036714e-05]\n",
      "lowest element index: [ 3  4  6  7  9  8  5 10  2  1  0]\n",
      "actual lowest element of Hbar: 0.0\n",
      "p [[0.]\n",
      " [0.]\n",
      " [0.]\n",
      " [1.]\n",
      " [0.]\n",
      " [0.]\n",
      " [0.]\n",
      " [0.]\n",
      " [0.]\n",
      " [0.]\n",
      " [0.]]\n",
      "V \n",
      " [[ 0.00000000e+00 -1.19963902e-01 -9.54467753e-03  0.00000000e+00\n",
      "   0.00000000e+00 -6.37461736e-03  0.00000000e+00  0.00000000e+00\n",
      "  -3.87840064e-03 -1.58929850e-03 -6.79209254e-03]\n",
      " [-1.19963902e-01  0.00000000e+00  1.42855466e-03  0.00000000e+00\n",
      "   0.00000000e+00  9.54090832e-04  0.00000000e+00  0.00000000e+00\n",
      "   5.80481351e-04  2.37870768e-04  1.01657446e-03]\n",
      " [-9.54467753e-03  1.42855466e-03  0.00000000e+00  0.00000000e+00\n",
      "   0.00000000e+00  7.59102459e-05  0.00000000e+00  0.00000000e+00\n",
      "   4.61847873e-05  1.89256912e-05  8.08816257e-05]\n",
