{
 "cells": [
  {
   "cell_type": "code",
   "execution_count": 1,
   "id": "c749b85e",
   "metadata": {},
   "outputs": [],
   "source": [
    "import numpy as np\n",
    "from numpy.linalg import inv\n",
    "from numpy import linalg as LA\n",
    "import matplotlib.pyplot as plt"
   ]
  },
  {
   "cell_type": "code",
   "execution_count": 8,
   "id": "347b92cb",
   "metadata": {},
   "outputs": [],
   "source": [
    "def createModelMatrix(matrixDim,sparsity):\n",
    "    #matrixDim=10\n",
    "    #sparsity = 0.01\n",
    "    Amat = np.zeros((matrixDim,matrixDim))\n",
    "    for i in range(0,matrixDim):\n",
    "        Amat[i,i] = i + 1\n",
    "    Amat = Amat + sparsity*np.random.randint(20,size=(matrixDim,matrixDim)) \n",
    "    #print(\"Amat: \\n\",Amat)\n",
    "    u,v=LA.eig(Amat)\n",
    "    print('Correct roots: ',np.sort(u))\n",
    "    return Amat\n",
    "\n",
    "def defineAllVariables(Amat,matrixDim): #defines single vector p,q,eps,H0,V from a given matrix and its dimension\n",
    "    p=np.zeros((matrixDim,1))\n",
    "    q=np.zeros((matrixDim,matrixDim-1))\n",
    "    print(np.shape(p),np.shape(q))\n",
    "    diagMat=np.diag(Amat)\n",
    "    #print('diagonal of Matrix: ',diagMat)\n",
    "    \n",
    "    newDiag=[]\n",
    "    for i in range(matrixDim):\n",
    "        for j in range(matrixDim):\n",
    "            if i==j:\n",
    "                newDiag.append(Amat[i,j])\n",
    "                \n",
    "    #print('new diagonal of matrix: ',newDiag)\n",
    "    \n",
    "    lowestElements=np.argsort(diagMat)\n",
    "    #print('lowest element index:',lowestElements)\n",
    "    #print('actual lowest element of Hbar:',diagMat[lowestElements[0]])\n",
    "\n",
    "    p[lowestElements[0],0]=1.0\n",
    "    #print('p',p)\n",
    "    counter=0\n",
    "    for i in range(len(lowestElements)):\n",
    "        if i==lowestElements[0]:\n",
    "            continue\n",
    "        else:\n",
    "            q[lowestElements[i],counter]=1.0\n",
    "            counter=counter+1\n",
    "\n",
    "\n",
    "        \n",
    "        \n",
    "    H0=np.diag(np.diag(Amat))#np.matmul(np.matmul(projP,Amat),projP)\n",
    "    V=Amat-H0\n",
    "    #print('V \\n',V)\n",
    "    #print('original Guess:',diagMat[0])\n",
    "    guessEps=diagMat[lowestElements[0]] -0.01\n",
    "    eps=guessEps\n",
    "    print('init Guess:',eps)\n",
    "    \n",
    "    return p,q,H0,V,eps\n",
    "\n",
    "def createT0_projQ(q,qDim,H0Dim,eps,H0): #qDim>0\n",
    "    #print('q',q,eps,qDim)\n",
    "    epsMat=np.zeros((H0Dim,H0Dim))\n",
    "    denom=np.zeros((H0Dim,H0Dim))\n",
    "    np.fill_diagonal(epsMat,eps)\n",
    "    \n",
    "    sumMatrix=np.zeros((H0Dim,H0Dim))\n",
    "    for i in range(qDim):\n",
    "        Q=np.outer(q[:,i],q[:,i])\n",
    "        #print('Q outer:',Q)\n",
    "        QH0Q=np.matmul(np.matmul(Q,H0),Q)\n",
    "        denom=epsMat-QH0Q\n",
    "        for x in range(H0Dim):\n",
    "            if (abs(denom[x,x]) < 0.0001):\n",
    "                if (denom[x,x]< 0.00000000000000001):\n",
    "                    factor=-1.0\n",
    "                    denom[x,x]=factor*0.0001\n",
    "                else:\n",
    "                    factor=1.0\n",
    "                    denom[x,x]=factor*0.0001\n",
    "            denom[x,x]=1.0/denom[x,x]\n",
    "                \n",
    "        #denom=inv(denom)\n",
    "        sumMatrix=sumMatrix+np.matmul(np.matmul(Q,denom),Q) #q[:,i],denom),q[:,i].T)\n",
    "    #print('T0 value is: ',sumMatrix)\n",
    "    return sumMatrix\n",
    "\n",
    "\n",
    "def extendPSpace(T0,V,p,order):\n",
    "    T0V=np.matmul(T0,V)\n",
    "    tmp=T0V\n",
    "    \n",
    "    for i in range(1,order+1):\n",
    "        print('extending guess for order: ',i)\n",
    "        tmp=np.matmul(tmp,T0V)\n",
    "        \n",
    "    correctionVec=np.matmul(tmp,p)\n",
    "    #print('Correction vector: \\n',correctionVec)\n",
    "    return correctionVec\n",
    "\n",
    "def computeRHR(fullSpace,H,HDim,order):\n",
    "    overlap=fullSpace[:,:order+1].T @ fullSpace[:,:order+1]\n",
    "    #print('overlap',overlap)\n",
    "    s,u=LA.eig(overlap)\n",
    "    #print('little s:',s)\n",
    "    sDiag=np.zeros((order+1,order+1))#\n",
    "    np.fill_diagonal(sDiag,s)\n",
    "    for i in range(order+1):\n",
    "        sDiag[i,i]=1.0/np.sqrt(sDiag[i,i])\n",
    "    #print('sdiag:',sDiag)\n",
    "        \n",
    "    X=u.T @ sDiag\n",
    "    X=X @ u\n",
    "    RHR=(fullSpace[:,:order+1].T @ H) @ fullSpace[:,:order+1]\n",
    "    Hprime=X.T @ RHR\n",
    "    Hprime=Hprime @ X\n",
    "    try:\n",
    "        roots,vecs=LA.eig(Hprime)\n",
    "        indx=roots.argsort()\n",
    "        theta=roots[indx]\n",
    "        vecs=vecs[:,indx] # these are C' ; must convert back to C, ie XC'=C\n",
    "        transformedVecs=X@vecs # this is the back transform step\n",
    "        usableRoots=[ elem for elem in theta if elem > 0.15 ]\n",
    "        usableIndx=[x for x in range(len(theta)) if theta[x] > 0.15]\n",
    "        #print('Usable roots from <R|H|R>: ',usableRoots)\n",
    "        #print('Usable vecs from <R|H|R>: ',transformedVecs[:,usableIndx])\n",
    "    except np.linalg.LinAlgError as err:\n",
    "        print('inf or NaN inside the code performing delta^(-1/2)Hdelta^(-1/2) diagonalization!!')\n",
    "        print(\"Formal error message: \")\n",
    "        print(err)\n",
    "    \n",
    "    \n",
    "    ## test orthogonalizing fullspace\n",
    "    qq,r=LA.qr(fullSpace[:,:order+1])\n",
    "    #print('orthogonalized contribuition to |R>:',qq[:,order])\n",
    "    RHR=(qq.T @ H) @ qq\n",
    "    print('RHR: \\n',RHR)\n",
    "    roots,vecs=LA.eig(RHR)\n",
    "    print('Roots from <R|H|R> via QR:',np.sort(roots))\n",
    "    indx=roots.argsort()\n",
    "    theta=roots[indx]\n",
    "    vecs=vecs[:,indx]\n",
    "    #print('C_i vecs: ',vecs)\n",
    "    usableRoots=[ elem for elem in theta if elem > 0.15 ]\n",
    "    usableIndx=[x for x in range(len(theta)) if theta[x] > 0.15]\n",
    "    #print('C_i vecs: ',vecs[:,usableIndx])\n",
    "    return usableRoots,vecs[:,usableIndx]#usableRoots,transformedVecs[:,usableIndx]   \n",
    "        \n",
    "        \n",
    "def runVariationalAlgo(H,Hdim):\n",
    "    p,q,H0,V,eps=defineAllVariables(H,Hdim)\n",
    "    #print('H0:',H0)\n",
    "    fullSpace=np.zeros((Hdim,Hdim))\n",
    "    #print('shape of FS and p',np.shape(fullSpace[:,0]),np.shape(p))\n",
    "    fullSpace[:,[0]]=p\n",
    "    order=0\n",
    "    qDim=Hdim-1\n",
    "    Hbkup=H\n",
    "    #print('initial guess H0: ',eps)\n",
    "    finalEps=[]\n",
    "    tmpRoots=np.zeros((Hdim,Hdim))\n",
    "    for i in range(10):\n",
    "        print('*********************************')\n",
    "        print('*********************************')\n",
    "        print('***** Iteration: ',i)\n",
    "        T0=createT0_projQ(q,qDim,Hdim,eps,H0)\n",
    "        pertVec=extendPSpace(T0,V,p,order) # first order correction\n",
    "        order=order+1\n",
    "        normPertVec=LA.norm(pertVec)\n",
    "        pertVec=(1.000000000000/normPertVec)*pertVec\n",
    "        fullSpace[:,[order]]=pertVec\n",
    "        \n",
    "        ## try orthogonalizing fullSpace\n",
    "        qq,r=LA.qr(fullSpace[:,:order+1])\n",
    "        fullSpace[:,:order+1]=qq\n",
    "        ##\n",
    "        ritzRoots,ritzVecs=computeRHR(fullSpace,H,Hdim,order)\n",
    "        #print('ritzVecs:',ritzVecs)\n",
    "        print('ritzRoots:',np.sort(ritzRoots))\n",
    "        transformedVec=fullSpace[:,:order+1]@ritzVecs[:,0]\n",
    "        print('<T|H|T>= ?',(transformedVec.T @ H) @transformedVec)\n",
    "        np.fill_diagonal(tmpRoots,np.sort(ritzRoots)[0])\n",
    "        residualVec=(H-tmpRoots)@transformedVec\n",
    "        normResid=LA.norm(residualVec)\n",
    "        print('Norm of residual: ',normResid)\n",
    "        eps=np.sort(ritzRoots)[0]\n",
    "        finalEps.append(eps)\n",
    "        \n",
    "    return finalEps\n",
    "       \n"
   ]
  },
  {
   "cell_type": "code",
   "execution_count": 9,
   "id": "830abdb4",
   "metadata": {},
   "outputs": [
    {
     "name": "stdout",
     "output_type": "stream",
     "text": [
      "[0.82775019 0.0371169  0.         ... 0.         0.02724339 9.57486946]\n",
      "finalCISheH [[ 8.27750187e-01  3.71169013e-02  0.00000000e+00 ...  0.00000000e+00\n",
      "   1.50872147e-02 -1.65567836e-03]\n",
      " [ 3.71169013e-02  1.15491469e+00  0.00000000e+00 ...  0.00000000e+00\n",
      "  -5.43788560e-03  6.58663239e-03]\n",
      " [ 0.00000000e+00  0.00000000e+00  1.11166601e+00 ...  1.09100477e-02\n",
      "   0.00000000e+00  0.00000000e+00]\n",
      " ...\n",
      " [ 0.00000000e+00  0.00000000e+00  1.09100477e-02 ...  8.51138385e+00\n",
      "   0.00000000e+00  0.00000000e+00]\n",
      " [ 1.50872147e-02 -5.43788560e-03  0.00000000e+00 ...  0.00000000e+00\n",
      "   8.70483162e+00  2.72433924e-02]\n",
      " [-1.65567836e-03  6.58663239e-03  0.00000000e+00 ...  0.00000000e+00\n",
      "   2.72433924e-02  9.57486946e+00]]\n",
      "HeH+ CIS roots: [0.81675677 1.08916656 1.08916656 1.12228085 1.25085294 1.32343575\n",
      " 1.37571255 1.37571255 1.37951985 1.50846121 1.6047357  1.6047357\n",
      " 1.69199282 1.69199282 1.80951649 1.86518314 1.86518314 1.92895166\n",
      " 2.1206591  2.31697298 2.31697298 2.53440247 2.53440247 2.62301264\n",
      " 2.90197966 2.90197966 3.41133503 3.58208284 4.32021209 4.32021209\n",
      " 4.4767444  4.4767444  4.77879019 4.77879019 4.84078947 5.14336799\n",
      " 6.29462472 7.36562323 7.36562323 7.74893485 7.74893485 8.51200229\n",
      " 8.51200229 8.70622573 9.57764159]\n",
      "HeH+ correct lowest root:  0.8167567712881398\n",
      "(45, 1) (45, 44)\n",
      "init Guess: 0.817750187355058\n",
      "*********************************\n",
      "*********************************\n",
      "***** Iteration:  0\n",
      "RHR: \n",
      " [[ 0.82775019 -0.06504177]\n",
      " [-0.06504177  1.20843942]]\n",
      "Roots from <R|H|R> via QR: [0.81694435 1.21924526]\n",
      "ritzRoots: [0.81694435 1.21924526]\n",
      "<T|H|T>= ? 0.8169443517223147\n",
      "Norm of residual:  0.011217557811659588\n",
      "*********************************\n",
      "*********************************\n",
      "***** Iteration:  1\n",
      "extending guess for order:  1\n",
      "RHR: \n",
      " [[ 0.82775019 -0.06504177 -0.00490596]\n",
      " [-0.06504177  1.20843942 -0.02991513]\n",
      " [-0.00490596 -0.02991513  1.33390914]]\n",
      "Roots from <R|H|R> via QR: [0.81676009 1.21247264 1.34086603]\n",
      "ritzRoots: [0.81676009 1.21247264 1.34086603]\n",
      "<T|H|T>= ? 0.8174998088297556\n",
      "Norm of residual:  0.022394035759158753\n",
      "*********************************\n",
      "*********************************\n",
      "***** Iteration:  2\n",
      "extending guess for order:  1\n",
      "extending guess for order:  2\n",
      "RHR: \n",
      " [[ 0.82775019 -0.06504177  0.00490596  0.01580757]\n",
      " [-0.06504177  1.20843942  0.02991513 -0.09710919]\n",
      " [ 0.00490596  0.02991513  1.33390914  0.04483438]\n",
      " [ 0.01580757 -0.09710919  0.04483438  1.36259953]]\n",
      "Roots from <R|H|R> via QR: [0.81675681 1.1570987  1.33704983 1.42179295]\n",
      "ritzRoots: [0.81675681 1.1570987  1.33704983 1.42179295]\n",
      "<T|H|T>= ? 0.817513035234613\n",
      "Norm of residual:  0.022972647321725367\n",
      "*********************************\n",
      "*********************************\n",
      "***** Iteration:  3\n",
      "extending guess for order:  1\n",
      "extending guess for order:  2\n",
      "extending guess for order:  3\n",
      "RHR: \n",
      " [[ 0.82775019 -0.06504177 -0.00490596 -0.01580757  0.00521698]\n",
      " [-0.06504177  1.20843942 -0.02991513  0.09710919 -0.00747981]\n",
      " [-0.00490596 -0.02991513  1.33390914  0.04483438 -0.21081947]\n",
      " [-0.01580757  0.09710919  0.04483438  1.36259953  0.02046805]\n",
      " [ 0.00521698 -0.00747981 -0.21081947  0.02046805  2.02904112]]\n",
      "Roots from <R|H|R> via QR: [0.81675677 1.14975148 1.28793731 1.41919913 2.08809471]\n",
      "ritzRoots: [0.81675677 1.14975148 1.28793731 1.41919913 2.08809471]\n",
      "<T|H|T>= ? 0.817518578459045\n",
      "Norm of residual:  0.023118108512407053\n",
      "*********************************\n",
      "*********************************\n",
      "***** Iteration:  4\n",
      "extending guess for order:  1\n",
      "extending guess for order:  2\n",
      "extending guess for order:  3\n",
      "extending guess for order:  4\n",
      "RHR: \n",
      " [[ 0.82775019 -0.06504177  0.00490596  0.01580757  0.00521698  0.01916781]\n",
      " [-0.06504177  1.20843942  0.02991513 -0.09710919 -0.00747981 -0.12576298]\n",
      " [ 0.00490596  0.02991513  1.33390914  0.04483438  0.21081947 -0.07394661]\n",
      " [ 0.01580757 -0.09710919  0.04483438  1.36259953 -0.02046805  0.22553364]\n",
      " [ 0.00521698 -0.00747981  0.21081947 -0.02046805  2.02904112  0.05939118]\n",
      " [ 0.01916781 -0.12576298 -0.07394661  0.22553364  0.05939118  2.98880965]]\n",
      "Roots from <R|H|R> via QR: [0.81675677 1.14902289 1.27363785 1.38883928 2.08689496 3.03539731]\n",
      "ritzRoots: [0.81675677 1.14902289 1.27363785 1.38883928 2.08689496 3.03539731]\n",
      "<T|H|T>= ? 0.817518989530466\n",
      "Norm of residual:  0.023140760243440146\n",
      "*********************************\n",
      "*********************************\n",
      "***** Iteration:  5\n",
      "extending guess for order:  1\n",
      "extending guess for order:  2\n",
      "extending guess for order:  3\n",
      "extending guess for order:  4\n",
      "extending guess for order:  5\n",
      "RHR: \n",
      " [[ 0.82775019 -0.06504177 -0.00490596 -0.01580757  0.00521698  0.01916781\n",
      "   0.00852842]\n",
      " [-0.06504177  1.20843942 -0.02991513  0.09710919 -0.00747981 -0.12576298\n",
      "  -0.05585815]\n",
      " [-0.00490596 -0.02991513  1.33390914  0.04483438 -0.21081947  0.07394661\n",
      "   0.01946724]\n",
      " [-0.01580757  0.09710919  0.04483438  1.36259953  0.02046805 -0.22553364\n",
      "  -0.18277597]\n",
      " [ 0.00521698 -0.00747981 -0.21081947  0.02046805  2.02904112  0.05939118\n",
      "   0.16124888]\n",
      " [ 0.01916781 -0.12576298  0.07394661 -0.22553364  0.05939118  2.98880965\n",
      "   0.68028425]\n",
      " [ 0.00852842 -0.05585815  0.01946724 -0.18277597  0.16124888  0.68028425\n",
      "   1.91862673]]\n",
      "Roots from <R|H|R> via QR: [0.81675677 1.14317815 1.26842432 1.37085026 1.58032377 2.10755629\n",
      " 3.38208624]\n",
      "ritzRoots: [0.81675677 1.14317815 1.26842432 1.37085026 1.58032377 2.10755629\n",
      " 3.38208624]\n",
      "<T|H|T>= ? 0.8175189663659044\n",
      "Norm of residual:  0.02313989246087451\n",
      "*********************************\n",
      "*********************************\n",
      "***** Iteration:  6\n",
      "extending guess for order:  1\n",
      "extending guess for order:  2\n",
      "extending guess for order:  3\n",
      "extending guess for order:  4\n",
      "extending guess for order:  5\n",
      "extending guess for order:  6\n",
      "RHR: \n",
      " [[ 8.27750187e-01 -6.50417667e-02  4.90595941e-03  1.58075714e-02\n",
      "   5.21697951e-03  1.91678140e-02  8.52842207e-03  7.00434482e-03]\n",
      " [-6.50417667e-02  1.20843942e+00  2.99151342e-02 -9.71091923e-02\n",
      "  -7.47980826e-03 -1.25762982e-01 -5.58581465e-02 -4.36262813e-02]\n",
      " [ 4.90595941e-03  2.99151342e-02  1.33390914e+00  4.48343805e-02\n",
      "   2.10819471e-01 -7.39466110e-02 -1.94672398e-02 -2.79213632e-03]\n",
      " [ 1.58075714e-02 -9.71091923e-02  4.48343805e-02  1.36259953e+00\n",
      "  -2.04680483e-02  2.25533636e-01  1.82775972e-01  1.01681021e-01]\n",
      " [ 5.21697951e-03 -7.47980826e-03  2.10819471e-01 -2.04680483e-02\n",
      "   2.02904112e+00  5.93911829e-02  1.61248880e-01  1.87040115e-01]\n",
      " [ 1.91678140e-02 -1.25762982e-01 -7.39466110e-02  2.25533636e-01\n",
      "   5.93911829e-02  2.98880965e+00  6.80284255e-01  8.31914568e-01]\n",
      " [ 8.52842207e-03 -5.58581465e-02 -1.94672398e-02  1.82775972e-01\n",
      "   1.61248880e-01  6.80284255e-01  1.91862673e+00  3.82991644e-01]\n",
      " [ 7.00434482e-03 -4.36262813e-02 -2.79213632e-03  1.01681021e-01\n",
      "   1.87040115e-01  8.31914568e-01  3.82991644e-01  2.02127826e+00]]\n",
      "Roots from <R|H|R> via QR: [0.81675677 1.14294579 1.2683422  1.3686777  1.50144436 1.61317719\n",
      " 2.12049746 3.85861258]\n",
      "ritzRoots: [0.81675677 1.14294579 1.2683422  1.3686777  1.50144436 1.61317719\n",
      " 2.12049746 3.85861258]\n",
      "<T|H|T>= ? 0.8175189741947433\n",
      "Norm of residual:  0.023141781201791375\n",
      "*********************************\n",
      "*********************************\n",
      "***** Iteration:  7\n",
      "extending guess for order:  1\n",
      "extending guess for order:  2\n",
      "extending guess for order:  3\n",
      "extending guess for order:  4\n",
      "extending guess for order:  5\n",
      "extending guess for order:  6\n",
      "extending guess for order:  7\n",
      "RHR: \n",
      " [[ 8.27750187e-01 -6.50417667e-02 -4.90595941e-03 -1.58075714e-02\n",
      "   5.21697951e-03  1.91678140e-02  8.52842207e-03 -7.00434482e-03\n",
      "   7.01817542e-03]\n",
      " [-6.50417667e-02  1.20843942e+00 -2.99151342e-02  9.71091923e-02\n",
      "  -7.47980826e-03 -1.25762982e-01 -5.58581465e-02  4.36262813e-02\n",
      "  -5.30058008e-02]\n",
      " [-4.90595941e-03 -2.99151342e-02  1.33390914e+00  4.48343805e-02\n",
      "  -2.10819471e-01  7.39466110e-02  1.94672398e-02 -2.79213632e-03\n",
      "   6.76596242e-02]\n",
      " [-1.58075714e-02  9.71091923e-02  4.48343805e-02  1.36259953e+00\n",
      "   2.04680483e-02 -2.25533636e-01 -1.82775972e-01  1.01681021e-01\n",
      "  -2.20790297e-01]\n",
      " [ 5.21697951e-03 -7.47980826e-03 -2.10819471e-01  2.04680483e-02\n",
      "   2.02904112e+00  5.93911829e-02  1.61248880e-01 -1.87040115e-01\n",
      "   8.22455732e-02]\n",
      " [ 1.91678140e-02 -1.25762982e-01  7.39466110e-02 -2.25533636e-01\n",
      "   5.93911829e-02  2.98880965e+00  6.80284255e-01 -8.31914568e-01\n",
      "   5.00610835e-01]\n",
      " [ 8.52842207e-03 -5.58581465e-02  1.94672398e-02 -1.82775972e-01\n",
      "   1.61248880e-01  6.80284255e-01  1.91862673e+00 -3.82991644e-01\n",
      "   4.20620075e-01]\n",
      " [-7.00434482e-03  4.36262813e-02 -2.79213632e-03  1.01681021e-01\n",
      "  -1.87040115e-01 -8.31914568e-01 -3.82991644e-01  2.02127826e+00\n",
      "  -7.34108375e-02]\n",
      " [ 7.01817542e-03 -5.30058008e-02  6.76596242e-02 -2.20790297e-01\n",
      "   8.22455732e-02  5.00610835e-01  4.20620075e-01 -7.34108375e-02\n",
      "   3.05858431e+00]]\n",
      "Roots from <R|H|R> via QR: [0.81675677 1.13964239 1.26584117 1.36820425 1.48765559 1.56014049\n",
      " 2.12028293 2.77848515 4.21202962]\n",
      "ritzRoots: [0.81675677 1.13964239 1.26584117 1.36820425 1.48765559 1.56014049\n",
      " 2.12028293 2.77848515 4.21202962]\n",
      "<T|H|T>= ? 0.8175189780365596\n",
      "Norm of residual:  0.023143108627033452\n",
      "*********************************\n",
      "*********************************\n",
      "***** Iteration:  8\n",
      "extending guess for order:  1\n",
      "extending guess for order:  2\n",
      "extending guess for order:  3\n",
      "extending guess for order:  4\n",
      "extending guess for order:  5\n",
      "extending guess for order:  6\n",
      "extending guess for order:  7\n",
      "extending guess for order:  8\n",
      "RHR: \n",
      " [[ 8.27750187e-01 -6.50417667e-02  4.90595941e-03  1.58075714e-02\n",
      "   5.21697951e-03  1.91678140e-02  8.52842207e-03  7.00434482e-03\n",
      "  -7.01817542e-03 -6.77504113e-03]\n",
      " [-6.50417667e-02  1.20843942e+00  2.99151342e-02 -9.71091923e-02\n",
      "  -7.47980826e-03 -1.25762982e-01 -5.58581465e-02 -4.36262813e-02\n",
      "   5.30058008e-02  5.11375714e-02]\n",
      " [ 4.90595941e-03  2.99151342e-02  1.33390914e+00  4.48343805e-02\n",
      "   2.10819471e-01 -7.39466110e-02 -1.94672398e-02 -2.79213632e-03\n",
      "   6.76596242e-02  7.57104321e-02]\n",
      " [ 1.58075714e-02 -9.71091923e-02  4.48343805e-02  1.36259953e+00\n",
      "  -2.04680483e-02  2.25533636e-01  1.82775972e-01  1.01681021e-01\n",
      "  -2.20790297e-01 -1.45530941e-01]\n",
      " [ 5.21697951e-03 -7.47980826e-03  2.10819471e-01 -2.04680483e-02\n",
      "   2.02904112e+00  5.93911829e-02  1.61248880e-01  1.87040115e-01\n",
      "  -8.22455732e-02  8.43866460e-02]\n",
      " [ 1.91678140e-02 -1.25762982e-01 -7.39466110e-02  2.25533636e-01\n",
      "   5.93911829e-02  2.98880965e+00  6.80284255e-01  8.31914568e-01\n",
      "  -5.00610835e-01 -5.79288028e-01]\n",
      " [ 8.52842207e-03 -5.58581465e-02 -1.94672398e-02  1.82775972e-01\n",
      "   1.61248880e-01  6.80284255e-01  1.91862673e+00  3.82991644e-01\n",
      "  -4.20620075e-01  1.33603660e-01]\n",
      " [ 7.00434482e-03 -4.36262813e-02 -2.79213632e-03  1.01681021e-01\n",
      "   1.87040115e-01  8.31914568e-01  3.82991644e-01  2.02127826e+00\n",
      "  -7.34108375e-02 -5.54625859e-01]\n",
      " [-7.01817542e-03  5.30058008e-02  6.76596242e-02 -2.20790297e-01\n",
      "  -8.22455732e-02 -5.00610835e-01 -4.20620075e-01 -7.34108375e-02\n",
      "   3.05858431e+00 -7.21840116e-01]\n",
      " [-6.77504113e-03  5.11375714e-02  7.57104321e-02 -1.45530941e-01\n",
      "   8.43866460e-02 -5.79288028e-01  1.33603660e-01 -5.54625859e-01\n",
      "  -7.21840116e-01  4.90064065e+00]]\n",
      "Roots from <R|H|R> via QR: [0.81675677 1.13621145 1.26160164 1.35761943 1.4838399  1.54384985\n",
      " 2.09150194 2.40063605 4.18384833 5.37381364]\n",
      "ritzRoots: [0.81675677 1.13621145 1.26160164 1.35761943 1.4838399  1.54384985\n",
      " 2.09150194 2.40063605 4.18384833 5.37381364]\n",
      "<T|H|T>= ? 0.8175189704637311\n",
      "Norm of residual:  0.023142729774758113\n",
      "*********************************\n",
      "*********************************\n",
      "***** Iteration:  9\n",
      "extending guess for order:  1\n",
      "extending guess for order:  2\n",
      "extending guess for order:  3\n",
      "extending guess for order:  4\n",
      "extending guess for order:  5\n",
      "extending guess for order:  6\n",
      "extending guess for order:  7\n",
      "extending guess for order:  8\n",
      "extending guess for order:  9\n",
      "RHR: \n",
      " [[ 8.27750187e-01 -6.50417667e-02 -4.90595941e-03 -1.58075714e-02\n",
      "   5.21697951e-03  1.91678140e-02  8.52842207e-03 -7.00434482e-03\n",
      "   7.01817542e-03 -6.77504113e-03 -3.28769778e-02]\n",
      " [-6.50417667e-02  1.20843942e+00 -2.99151342e-02  9.71091923e-02\n",
      "  -7.47980826e-03 -1.25762982e-01 -5.58581465e-02  4.36262813e-02\n",
      "  -5.30058008e-02  5.11375714e-02  2.06647192e-01]\n",
      " [-4.90595941e-03 -2.99151342e-02  1.33390914e+00  4.48343805e-02\n",
      "  -2.10819471e-01  7.39466110e-02  1.94672398e-02 -2.79213632e-03\n",
      "   6.76596242e-02 -7.57104321e-02 -7.14027537e-02]\n",
      " [-1.58075714e-02  9.71091923e-02  4.48343805e-02  1.36259953e+00\n",
      "   2.04680483e-02 -2.25533636e-01 -1.82775972e-01  1.01681021e-01\n",
      "  -2.20790297e-01  1.45530941e-01  2.13880169e-01]\n",
      " [ 5.21697951e-03 -7.47980826e-03 -2.10819471e-01  2.04680483e-02\n",
      "   2.02904112e+00  5.93911829e-02  1.61248880e-01 -1.87040115e-01\n",
      "   8.22455732e-02  8.43866460e-02  1.33749532e-03]\n",
      " [ 1.91678140e-02 -1.25762982e-01  7.39466110e-02 -2.25533636e-01\n",
      "   5.93911829e-02  2.98880965e+00  6.80284255e-01 -8.31914568e-01\n",
      "   5.00610835e-01 -5.79288028e-01 -2.21546184e-01]\n",
      " [ 8.52842207e-03 -5.58581465e-02  1.94672398e-02 -1.82775972e-01\n",
      "   1.61248880e-01  6.80284255e-01  1.91862673e+00 -3.82991644e-01\n",
      "   4.20620075e-01  1.33603660e-01 -5.00842760e-01]\n",
      " [-7.00434482e-03  4.36262813e-02 -2.79213632e-03  1.01681021e-01\n",
      "  -1.87040115e-01 -8.31914568e-01 -3.82991644e-01  2.02127826e+00\n",
      "  -7.34108375e-02  5.54625859e-01  2.23422142e-03]\n",
      " [ 7.01817542e-03 -5.30058008e-02  6.76596242e-02 -2.20790297e-01\n",
      "   8.22455732e-02  5.00610835e-01  4.20620075e-01 -7.34108375e-02\n",
      "   3.05858431e+00  7.21840116e-01 -1.57331454e+00]\n",
      " [-6.77504113e-03  5.11375714e-02 -7.57104321e-02  1.45530941e-01\n",
      "   8.43866460e-02 -5.79288028e-01  1.33603660e-01  5.54625859e-01\n",
      "   7.21840116e-01  4.90064065e+00 -1.05842789e+00]\n",
      " [-3.28769778e-02  2.06647192e-01 -7.14027537e-02  2.13880169e-01\n",
      "   1.33749532e-03 -2.21546184e-01 -5.00842760e-01  2.23422142e-03\n",
      "  -1.57331454e+00 -1.05842789e+00  5.47517713e+00]]\n",
      "Roots from <R|H|R> via QR: [0.81675677 1.13188322 1.25733353 1.35679422 1.48114108 1.53216601\n",
      " 2.08169301 2.1655041  3.25864902 4.92905892 7.11387625]\n",
      "ritzRoots: [0.81675677 1.13188322 1.25733353 1.35679422 1.48114108 1.53216601\n",
      " 2.08169301 2.1655041  3.25864902 4.92905892 7.11387625]\n",
      "<T|H|T>= ? 0.8175189137490546\n",
      "Norm of residual:  0.02312898967421474\n"
     ]
    }
   ],
   "source": [
    "#HeH+ AUG-CC-PVTZ\n",
    "cisHeH=np.loadtxt('HeHaugccpvtz.txt')\n",
    "print(cisHeH)\n",
    "finalCisHeH=np.zeros((45,45)) #dimension of HeH+ CIS matrix; defines i and j index as well\n",
    "\n",
    "counter=0\n",
    "for i in range(45):\n",
    "    for j in range(45):\n",
    "        #print('i,j:',i,j)\n",
    "        finalCisHeH[i,j]=cisHeH[counter]\n",
    "        #finalCisHeH[j,i]=finalCisHeH[i,j]\n",
    "        counter=counter+1\n",
    "        \n",
    "print('finalCISheH',finalCisHeH)\n",
    "guessRoots,guessVecs=LA.eig(finalCisHeH)\n",
    "print('HeH+ CIS roots:',np.sort(guessRoots))\n",
    "print('HeH+ correct lowest root: ',np.sort(guessRoots)[0])\n",
    "\n",
    "finalEps=runVariationalAlgo(finalCisHeH,45)"
   ]
  },
  {
   "cell_type": "code",
   "execution_count": null,
   "id": "5723eb0d",
   "metadata": {},
   "outputs": [],
   "source": [
    "print('HeH aug-cc-pvtz basis: ',finalEps)\n",
    "0.023142729774758113"
   ]
  },
  {
   "cell_type": "code",
   "execution_count": null,
   "id": "dfa222f7",
   "metadata": {},
   "outputs": [],
   "source": [
    "#HeH+\n",
    "cisHeH=np.loadtxt('cisHeH.txt')\n",
    "print(cisHeH)\n",
    "finalCisHeH=np.zeros((11,11)) #dimension of HeH+ CIS matrix; defines i and j index as well\n",
    "\n",
    "counter=0\n",
    "for i in range(11):\n",
    "    for j in range(i,11):\n",
    "        print('i,j:',i,j)\n",
    "        finalCisHeH[i,j]=cisHeH[counter]\n",
    "        finalCisHeH[j,i]=finalCisHeH[i,j]\n",
    "        counter=counter+1\n",
    "        \n",
    "print('finalCISheH',finalCisHeH)\n",
    "guessRoots,guessVecs=LA.eig(finalCisHeH)\n",
    "print('HeH+ CIS roots:',np.sort(guessRoots))\n",
    "\n",
    "tmp=runVariationalAlgo(finalCisHeH,11)"
   ]
  },
  {
   "cell_type": "code",
   "execution_count": null,
   "id": "0025ef96",
   "metadata": {},
   "outputs": [],
   "source": [
    "print('CIS iterations for HeH+:',tmp)"
   ]
  },
  {
   "cell_type": "code",
   "execution_count": null,
   "id": "ef572ed8",
   "metadata": {},
   "outputs": [],
   "source": [
    "# Water CIS\n",
    "# Water CIS\n",
    "water=np.loadtxt('waterCIS.txt')\n",
    "print(water)\n",
    "finalwater=np.zeros((100,100)) #dimension of HeH+ CIS matrix; defines i and j index as well\n",
    "\n",
    "counter=0\n",
    "for i in range(100):\n",
    "    for j in range(100):\n",
    "        #print('i,j:',i,j)\n",
    "        finalwater[i,j]=water[counter]\n",
    "        counter=counter+1\n",
    "        \n",
    "print('water',finalwater)\n",
    "guessRoots,guessVecs=LA.eig(finalwater)\n",
    "print('water CIS roots:',np.sort(guessRoots))\n",
    "eps=runVariationalAlgo(finalwater,100)\n",
    "print('Convergence Info: ',eps)\n",
    "0.37098005\n"
   ]
  },
  {
   "cell_type": "code",
   "execution_count": null,
   "id": "cb517603",
   "metadata": {},
   "outputs": [],
   "source": [
    "#water dimer\n",
    "# Water DIMER CIS\n",
    "water=np.loadtxt('waterDimerCIS.txt')\n",
    "print(water)\n",
    "finalwater=np.zeros((400,400)) #dimension of HeH+ CIS matrix; defines i and j index as well\n",
    "\n",
    "counter=0\n",
    "for i in range(400):\n",
    "    for j in range(400):\n",
    "        #print('i,j:',i,j)\n",
    "        finalwater[i,j]=water[counter]\n",
    "        counter=counter+1\n",
    "        \n",
    "print('water',finalwater)\n",
    "guessRoots,guessVecs=LA.eig(finalwater)\n",
    "print('water CIS roots:',np.sort(guessRoots))\n",
    "eps=runVariationalAlgo(finalwater,400)"
   ]
  },
  {
   "cell_type": "code",
   "execution_count": null,
   "id": "85e48455",
   "metadata": {},
   "outputs": [],
   "source": [
    "print(eps)\n",
    "x=np.arange(1,len(eps)+1)\n",
    "print(x)\n",
    "plt.plot(x,eps,'o')\n",
    "plt.show()"
   ]
  },
  {
   "cell_type": "code",
   "execution_count": null,
   "id": "75d267f0",
   "metadata": {},
   "outputs": [],
   "source": [
    "error=[]\n",
    "for i in range(len(eps)):\n",
    "    tmp=abs(0.38009787-eps[i])\n",
    "    error.append(tmp)\n",
    "    \n",
    "print(error)\n",
    "print(np.log10(error))\n",
    "plt.plot(x,np.log10(error),'o')\n",
    "plt.xlabel('Iteration')\n",
    "plt.ylabel('Log10 Error')\n",
    "plt.show()"
   ]
  },
  {
   "cell_type": "code",
   "execution_count": null,
   "id": "4e9308dc",
   "metadata": {},
   "outputs": [],
   "source": [
    "0.38009787-0.3800982243192757"
   ]
  },
  {
   "cell_type": "code",
   "execution_count": null,
   "id": "733b21bd",
   "metadata": {},
   "outputs": [],
   "source": [
    "0.38009787-0.380098223875706"
   ]
  },
  {
   "cell_type": "code",
   "execution_count": null,
   "id": "96d553ed",
   "metadata": {},
   "outputs": [],
   "source": [
    "0.38009822387570497-0.38009787"
   ]
  },
  {
   "cell_type": "code",
   "execution_count": null,
   "id": "9a0aa6e9",
   "metadata": {},
   "outputs": [],
   "source": [
    "0.38009787-0.380099167857653"
   ]
  },
  {
   "cell_type": "code",
   "execution_count": null,
   "id": "b18a94a0",
   "metadata": {},
   "outputs": [],
   "source": [
    "print(float(1.0))"
   ]
  },
  {
   "cell_type": "code",
   "execution_count": null,
   "id": "cd2a9895",
   "metadata": {},
   "outputs": [],
   "source": [
    "print(repr(1.000))"
   ]
  },
  {
   "cell_type": "code",
   "execution_count": null,
   "id": "bb9048ff",
   "metadata": {},
   "outputs": [],
   "source": [
    "from decimal import Decimal \n",
    "print(Decimal(1.0))"
   ]
  },
  {
   "cell_type": "code",
   "execution_count": 3,
   "id": "e53f88fc",
   "metadata": {},
   "outputs": [
    {
     "name": "stdout",
     "output_type": "stream",
     "text": [
      "[ 2.04448155e+01  3.79777865e-04 -1.67875521e-02 ... -3.63677849e-03\n",
      " -2.40661852e-01  1.69260432e+01]\n",
      "water [[ 2.04448155e+01  3.79777865e-04 -1.67875521e-02 ... -7.66179680e-07\n",
      "   4.51121190e-08 -4.54503646e-08]\n",
      " [ 3.79777865e-04  2.04989511e+01 -7.04398924e-04 ... -2.76024691e-06\n",
      "   1.13849363e-05 -6.96382652e-06]\n",
      " [-1.67875521e-02 -7.04398924e-04  2.05319301e+01 ... -3.91912076e-07\n",
      "   2.44470410e-07 -1.55317560e-07]\n",
      " ...\n",
      " [-7.66179680e-07 -2.76024691e-06 -3.91912076e-07 ...  8.74147676e+00\n",
      "   1.14173178e-02 -3.63677849e-03]\n",
      " [ 4.51121190e-08  1.13849363e-05  2.44470410e-07 ...  1.14173178e-02\n",
      "   1.60616780e+01 -2.40661852e-01]\n",
      " [-4.54503646e-08 -6.96382652e-06 -1.55317560e-07 ... -3.63677849e-03\n",
      "  -2.40661852e-01  1.69260432e+01]]\n",
      "water CIS roots: [ 0.32209284  0.33606141  0.3809051  ... 35.6503957  36.83515592\n",
      " 37.22444782]\n",
      "(1740, 1) (1740, 1739)\n",
      "init Guess: 0.376090425577361\n",
      "*********************************\n",
      "*********************************\n",
      "***** Iteration:  0\n",
      "RHR: \n",
      " [[ 0.38609043 -0.03805532]\n",
      " [-0.03805532  0.38380736]]\n",
      "Roots from <R|H|R> via QR: [0.34687645 0.42302133]\n",
      "ritzRoots: [0.34687645 0.42302133]\n",
      "*********************************\n",
      "*********************************\n",
      "***** Iteration:  1\n",
      "extending guess for order:  1\n",
      "RHR: \n",
      " [[ 0.38609043  0.03805532 -0.02207017]\n",
      " [ 0.03805532  0.38380736  0.04582365]\n",
      " [-0.02207017  0.04582365  0.44704769]]\n",
      "Roots from <R|H|R> via QR: [0.32702996 0.41876281 0.4711527 ]\n",
      "ritzRoots: [0.32702996 0.41876281 0.4711527 ]\n",
      "*********************************\n",
      "*********************************\n",
      "***** Iteration:  2\n",
      "extending guess for order:  1\n",
      "extending guess for order:  2\n",
      "RHR: \n",
      " [[ 0.38609043 -0.03805532  0.02207017  0.03454061]\n",
      " [-0.03805532  0.38380736  0.04582365 -0.01730839]\n",
      " [ 0.02207017  0.04582365  0.44704769 -0.04029742]\n",
      " [ 0.03454061 -0.01730839 -0.04029742  0.46548766]]\n",
      "Roots from <R|H|R> via QR: [0.32247287 0.40232259 0.44126639 0.5163713 ]\n",
      "ritzRoots: [0.32247287 0.40232259 0.44126639 0.5163713 ]\n",
      "*********************************\n",
      "*********************************\n",
      "***** Iteration:  3\n",
      "extending guess for order:  1\n",
      "extending guess for order:  2\n",
      "extending guess for order:  3\n",
      "RHR: \n",
      " [[ 0.38609043  0.03805532 -0.02207017 -0.03454061 -0.00130708]\n",
      " [ 0.03805532  0.38380736  0.04582365 -0.01730839 -0.01966476]\n",
      " [-0.02207017  0.04582365  0.44704769 -0.04029742 -0.02203822]\n",
      " [-0.03454061 -0.01730839 -0.04029742  0.46548766  0.0263324 ]\n",
      " [-0.00130708 -0.01966476 -0.02203822  0.0263324   0.5273867 ]]\n",
      "Roots from <R|H|R> via QR: [0.32216937 0.402304   0.44104682 0.48319807 0.56110158]\n",
      "ritzRoots: [0.32216937 0.402304   0.44104682 0.48319807 0.56110158]\n",
      "*********************************\n",
      "*********************************\n",
      "***** Iteration:  4\n",
      "extending guess for order:  1\n",
      "extending guess for order:  2\n",
      "extending guess for order:  3\n",
      "extending guess for order:  4\n",
      "RHR: \n",
      " [[ 0.38609043 -0.03805532  0.02207017  0.03454061  0.00130708 -0.01374515]\n",
      " [-0.03805532  0.38380736  0.04582365 -0.01730839 -0.01966476  0.00481134]\n",
      " [ 0.02207017  0.04582365  0.44704769 -0.04029742 -0.02203822 -0.05234757]\n",
      " [ 0.03454061 -0.01730839 -0.04029742  0.46548766  0.0263324   0.06694135]\n",
      " [ 0.00130708 -0.01966476 -0.02203822  0.0263324   0.5273867   0.02254943]\n",
      " [-0.01374515  0.00481134 -0.05234757  0.06694135  0.02254943  0.55058778]]\n",
      "Roots from <R|H|R> via QR: [0.32210053 0.38680707 0.43908057 0.46299199 0.51816033 0.63126712]\n",
      "ritzRoots: [0.32210053 0.38680707 0.43908057 0.46299199 0.51816033 0.63126712]\n",
      "*********************************\n",
      "*********************************\n",
      "***** Iteration:  5\n",
      "extending guess for order:  1\n",
      "extending guess for order:  2\n",
      "extending guess for order:  3\n",
      "extending guess for order:  4\n",
      "extending guess for order:  5\n",
      "RHR: \n",
      " [[ 0.38609043  0.03805532 -0.02207017 -0.03454061 -0.00130708  0.01374515\n",
      "   0.00111713]\n",
      " [ 0.03805532  0.38380736  0.04582365 -0.01730839 -0.01966476  0.00481134\n",
      "  -0.00586161]\n",
      " [-0.02207017  0.04582365  0.44704769 -0.04029742 -0.02203822 -0.05234757\n",
      "  -0.0084146 ]\n",
      " [-0.03454061 -0.01730839 -0.04029742  0.46548766  0.0263324   0.06694135\n",
      "  -0.01476127]\n",
      " [-0.00130708 -0.01966476 -0.02203822  0.0263324   0.5273867   0.02254943\n",
      "  -0.02722591]\n",
      " [ 0.01374515  0.00481134 -0.05234757  0.06694135  0.02254943  0.55058778\n",
      "  -0.04733758]\n",
      " [ 0.00111713 -0.00586161 -0.0084146  -0.01476127 -0.02722591 -0.04733758\n",
      "   0.65941114]]\n",
      "Roots from <R|H|R> via QR: [0.32209356 0.38666485 0.43621998 0.46041834 0.5181549  0.5992442\n",
      " 0.69702294]\n",
      "ritzRoots: [0.32209356 0.38666485 0.43621998 0.46041834 0.5181549  0.5992442\n",
      " 0.69702294]\n",
      "*********************************\n",
      "*********************************\n",
      "***** Iteration:  6\n",
      "extending guess for order:  1\n",
      "extending guess for order:  2\n",
      "extending guess for order:  3\n",
      "extending guess for order:  4\n",
      "extending guess for order:  5\n",
      "extending guess for order:  6\n",
      "RHR: \n",
      " [[ 0.38609043 -0.03805532  0.02207017  0.03454061  0.00130708 -0.01374515\n",
      "  -0.00111713  0.00354084]\n",
      " [-0.03805532  0.38380736  0.04582365 -0.01730839 -0.01966476  0.00481134\n",
      "  -0.00586161  0.00888175]\n",
      " [ 0.02207017  0.04582365  0.44704769 -0.04029742 -0.02203822 -0.05234757\n",
      "  -0.0084146   0.02923828]\n",
      " [ 0.03454061 -0.01730839 -0.04029742  0.46548766  0.0263324   0.06694135\n",
      "  -0.01476127 -0.02055511]\n",
      " [ 0.00130708 -0.01966476 -0.02203822  0.0263324   0.5273867   0.02254943\n",
      "  -0.02722591 -0.01549041]\n",
      " [-0.01374515  0.00481134 -0.05234757  0.06694135  0.02254943  0.55058778\n",
      "  -0.04733758 -0.05151687]\n",
      " [-0.00111713 -0.00586161 -0.0084146  -0.01476127 -0.02722591 -0.04733758\n",
      "   0.65941114 -0.03587932]\n",
      " [ 0.00354084  0.00888175  0.02923828 -0.02055511 -0.01549041 -0.05151687\n",
      "  -0.03587932  0.60652666]]\n",
      "Roots from <R|H|R> via QR: [0.3220929  0.3865058  0.43616678 0.45930236 0.51528438 0.53371982\n",
      " 0.67490433 0.69836905]\n",
      "ritzRoots: [0.3220929  0.3865058  0.43616678 0.45930236 0.51528438 0.53371982\n",
      " 0.67490433 0.69836905]\n",
      "*********************************\n",
      "*********************************\n",
      "***** Iteration:  7\n",
      "extending guess for order:  1\n",
      "extending guess for order:  2\n",
      "extending guess for order:  3\n",
      "extending guess for order:  4\n",
      "extending guess for order:  5\n",
      "extending guess for order:  6\n",
      "extending guess for order:  7\n",
      "RHR: \n",
      " [[ 0.38609043  0.03805532 -0.02207017 -0.03454061 -0.00130708  0.01374515\n",
      "   0.00111713 -0.00354084 -0.0031069 ]\n",
      " [ 0.03805532  0.38380736  0.04582365 -0.01730839 -0.01966476  0.00481134\n",
      "  -0.00586161  0.00888175  0.01421246]\n",
      " [-0.02207017  0.04582365  0.44704769 -0.04029742 -0.02203822 -0.05234757\n",
      "  -0.0084146   0.02923828  0.01476716]\n",
      " [-0.03454061 -0.01730839 -0.04029742  0.46548766  0.0263324   0.06694135\n",
      "  -0.01476127 -0.02055511  0.01368722]\n",
      " [-0.00130708 -0.01966476 -0.02203822  0.0263324   0.5273867   0.02254943\n",
      "  -0.02722591 -0.01549041 -0.06320575]\n",
      " [ 0.01374515  0.00481134 -0.05234757  0.06694135  0.02254943  0.55058778\n",
