{
 "cells": [
  {
   "cell_type": "code",
   "execution_count": 1,
   "id": "dbb638f9",
   "metadata": {},
   "outputs": [],
   "source": [
    "import numpy as np\n",
    "from numpy.linalg import inv\n",
    "from numpy import linalg as LA\n",
    "import matplotlib.pyplot as plt"
   ]
  },
  {
   "cell_type": "code",
   "execution_count": 12,
   "id": "ca5ffc64",
   "metadata": {},
   "outputs": [],
   "source": [
    "def createModelMatrix(matrixDim,sparsity):\n",
    "    #matrixDim=10\n",
    "    #sparsity = 0.01\n",
    "    Amat = np.zeros((matrixDim,matrixDim))\n",
    "    for i in range(0,matrixDim):\n",
    "        Amat[i,i] = i + 1\n",
    "    Amat = Amat + sparsity*np.random.randint(20,size=(matrixDim,matrixDim)) \n",
    "    #print(\"Amat: \\n\",Amat)\n",
    "    u,v=LA.eig(Amat)\n",
    "    print('Correct roots: ',np.sort(u))\n",
    "    return Amat\n",
    "\n",
    "def defineAllVariables(Amat,matrixDim): #defines single vector p,q,eps,H0,V from a given matrix and its dimension\n",
    "    p=np.zeros((matrixDim,1))\n",
    "    q=np.zeros((matrixDim,matrixDim-1))\n",
    "    print(np.shape(p),np.shape(q))\n",
    "    diagMat=np.diag(Amat)\n",
    "    #print('diagonal of Matrix: ',diagMat)\n",
    "    \n",
    "    newDiag=[]\n",
    "    for i in range(matrixDim):\n",
    "        for j in range(matrixDim):\n",
    "            if i==j:\n",
    "                newDiag.append(Amat[i,j])\n",
    "                \n",
    "    #print('new diagonal of matrix: ',newDiag)\n",
    "    \n",
    "    lowestElements=np.argsort(diagMat)\n",
    "    #print('lowest element index:',lowestElements)\n",
    "    #print('actual lowest element of Hbar:',diagMat[lowestElements[0]])\n",
    "\n",
    "    p[lowestElements[0],0]=1.0\n",
    "    #print('p',p)\n",
    "    counter=0\n",
    "    for i in range(len(lowestElements)):\n",
    "        if i==lowestElements[0]:\n",
    "            continue\n",
    "        else:\n",
    "            q[lowestElements[i],counter]=1.0\n",
    "            counter=counter+1\n",
    "\n",
    "\n",
    "        \n",
    "        \n",
    "    H0=np.diag(np.diag(Amat))#np.matmul(np.matmul(projP,Amat),projP)\n",
    "    V=Amat-H0\n",
    "    #print('V \\n',V)\n",
    "    #print('original Guess:',diagMat[0])\n",
    "    guessEps=diagMat[lowestElements[0]] -0.01\n",
    "    eps=guessEps\n",
    "    print('init Guess:',eps)\n",
    "    \n",
    "    return p,q,H0,V,eps\n",
    "\n",
    "def createT0_projQ(q,qDim,H0Dim,eps,H0): #qDim>0\n",
    "    #print('q',q,eps,qDim)\n",
    "    epsMat=np.zeros((H0Dim,H0Dim))\n",
    "    denom=np.zeros((H0Dim,H0Dim))\n",
    "    np.fill_diagonal(epsMat,eps)\n",
    "    \n",
    "    sumMatrix=np.zeros((H0Dim,H0Dim))\n",
    "    for i in range(qDim):\n",
    "        Q=np.outer(q[:,i],q[:,i])\n",
    "        #print('Q outer:',Q)\n",
    "        QH0Q=np.matmul(np.matmul(Q,H0),Q)\n",
    "        denom=epsMat-QH0Q\n",
    "        for x in range(H0Dim):\n",
    "            if (abs(denom[x,x]) < 0.0001):\n",
    "                if (denom[x,x]< 0.00000000000000001):\n",
    "                    factor=-1.0\n",
    "                    denom[x,x]=factor*0.0001\n",
    "                else:\n",
    "                    factor=1.0\n",
    "                    denom[x,x]=factor*0.0001\n",
    "            denom[x,x]=1.0/denom[x,x]\n",
    "                \n",
    "        #denom=inv(denom)\n",
    "        sumMatrix=sumMatrix+np.matmul(np.matmul(Q,denom),Q) #q[:,i],denom),q[:,i].T)\n",
    "    #print('T0 value is: ',sumMatrix)\n",
    "    return sumMatrix\n",
    "\n",
    "\n",
    "def extendPSpace(T0,V,p,order):\n",
    "    T0V=np.matmul(T0,V)\n",
    "    tmp=T0V\n",
    "    \n",
    "    for i in range(1,order+1):\n",
    "        print('extending guess for order: ',i)\n",
    "        tmp=np.matmul(tmp,T0V)\n",
    "        \n",
    "    correctionVec=np.matmul(tmp,p)\n",
    "    #print('Correction vector: \\n',correctionVec)\n",
    "    return correctionVec\n",
    "\n",
    "def computeRHR(fullSpace,H,HDim,order):\n",
    "#     overlap=fullSpace[:,:order+1].T @ fullSpace[:,:order+1]\n",
    "#     #print('overlap',overlap)\n",
    "#     s,u=LA.eig(overlap)\n",
    "#     #print('little s:',s)\n",
    "#     sDiag=np.zeros((order+1,order+1))#\n",
    "#     np.fill_diagonal(sDiag,s)\n",
    "#     for i in range(order+1):\n",
    "#         sDiag[i,i]=1.0/np.sqrt(sDiag[i,i])\n",
    "#     #print('sdiag:',sDiag)\n",
    "        \n",
    "#     X=u.T @ sDiag\n",
    "#     X=X @ u\n",
    "#     RHR=(fullSpace[:,:order+1].T @ H) @ fullSpace[:,:order+1]\n",
    "#     Hprime=X.T @ RHR\n",
    "#     Hprime=Hprime @ X\n",
    "#     try:\n",
    "#         roots,vecs=LA.eig(Hprime)\n",
    "#         indx=roots.argsort()\n",
    "#         theta=roots[indx]\n",
    "#         vecs=vecs[:,indx] # these are C' ; must convert back to C, ie XC'=C\n",
    "#         transformedVecs=X@vecs # this is the back transform step\n",
    "#         usableRoots=[ elem for elem in theta if elem > 0.15 ]\n",
    "#         usableIndx=[x for x in range(len(theta)) if theta[x] > 0.15]\n",
    "#         #print('Usable roots from <R|H|R>: ',usableRoots)\n",
    "#         #print('Usable vecs from <R|H|R>: ',transformedVecs[:,usableIndx])\n",
    "#     except np.linalg.LinAlgError as err:\n",
    "#         print('inf or NaN inside the code performing delta^(-1/2)Hdelta^(-1/2) diagonalization!!')\n",
    "#         print(\"Formal error message: \")\n",
    "#         print(err)\n",
    "    \n",
    "    \n",
    "    ## test orthogonalizing fullspace\n",
    "    #qq,r=LA.qr(fullSpace[:,:order+1])\n",
    "    #print('orthogonalized contribuition to |R>:',qq[:,order])\n",
    "    print('shape: ',np.shape(fullSpace[:,:order+1]),np.shape(H))\n",
    "    RHR=(fullSpace[:,:order+1].T @ H ) @ fullSpace[:,:order+1]#(qq.T @ H) @ qq\n",
    "    print('RHR: \\n',RHR)\n",
    "    roots,vecs=LA.eig(RHR)\n",
    "    print('Roots from <R|H|R> via QR:',np.sort(roots))\n",
    "    indx=roots.argsort()\n",
    "    theta=roots[indx]\n",
    "    vecs=vecs[:,indx]\n",
    "    print('C_i vecs: ',vecs)\n",
    "    usableRoots=[ elem for elem in theta if elem > 0.15 ]\n",
    "    usableIndx=[x for x in range(len(theta)) if theta[x] > 0.15]\n",
    "    #print('C_i vecs: ',vecs[:,usableIndx])\n",
    "    return roots,vecs #usableRoots,vecs[:,usableIndx]   \n",
    "        \n",
    "        \n",
    "def runVariationalAlgo(H,Hdim):\n",
    "    p,q,H0,V,eps=defineAllVariables(H,Hdim)\n",
    "    #print('H0:',H0)\n",
    "    fullSpace=np.zeros((Hdim,Hdim))\n",
    "    #print('shape of FS and p',np.shape(fullSpace[:,0]),np.shape(p))\n",
    "    fullSpace[:,[0]]=p\n",
    "    order=0\n",
    "    qDim=Hdim-1\n",
    "    Hbkup=H\n",
    "    #print('initial guess H0: ',eps)\n",
    "    finalEps=[]\n",
    "    tmpRoots=np.zeros((Hdim,Hdim))\n",
    "    for i in range(10):\n",
    "        print('*********************************')\n",
    "        print('*********************************')\n",
    "        print('***** Iteration: ',i)\n",
    "        T0=createT0_projQ(q,qDim,Hdim,eps,H0)\n",
    "        pertVec=extendPSpace(T0,V,p,order) # first order correction\n",
    "        order=order+1\n",
    "        normPertVec=LA.norm(pertVec)\n",
    "        pertVec=(1.000000000000/normPertVec)*pertVec\n",
    "        fullSpace[:,[order]]=pertVec\n",
    "        \n",
    "        ## try orthogonalizing fullSpace\n",
    "        qq,r=LA.qr(fullSpace[:,:order+1])\n",
    "        fullSpace[:,:order+1]=qq\n",
    "        ##\n",
    "        ritzRoots,ritzVecs=computeRHR(fullSpace,H,Hdim,order)\n",
    "        #print('ritzVecs:',ritzVecs)\n",
    "        print('ritzRoots:',np.sort(ritzRoots))\n",
    "        transformedVec=fullSpace[:,:order+1]@ritzVecs[:,0]\n",
    "        np.fill_diagonal(tmpRoots,np.sort(ritzRoots)[0])\n",
    "        residualVec=(H-tmpRoots)@transformedVec\n",
    "        normResid=LA.norm(residualVec)\n",
    "        print('Norm of residual: ',normResid)\n",
    "        eps=np.sort(ritzRoots)[0]\n",
    "        finalEps.append(eps)\n",
    "        \n",
    "    return finalEps\n",
    "       \n"
   ]
  },
  {
   "cell_type": "code",
   "execution_count": 13,
   "id": "271282e9",
   "metadata": {},
   "outputs": [
    {
     "name": "stdout",
     "output_type": "stream",
     "text": [
      "[0.82775019 0.0371169  0.         ... 0.         0.02724339 9.57486946]\n",
      "finalCISheH [[ 8.27750187e-01  3.71169013e-02  0.00000000e+00 ...  0.00000000e+00\n",
      "   1.50872147e-02 -1.65567836e-03]\n",
      " [ 3.71169013e-02  1.15491469e+00  0.00000000e+00 ...  0.00000000e+00\n",
      "  -5.43788560e-03  6.58663239e-03]\n",
      " [ 0.00000000e+00  0.00000000e+00  1.11166601e+00 ...  1.09100477e-02\n",
      "   0.00000000e+00  0.00000000e+00]\n",
      " ...\n",
      " [ 0.00000000e+00  0.00000000e+00  1.09100477e-02 ...  8.51138385e+00\n",
      "   0.00000000e+00  0.00000000e+00]\n",
      " [ 1.50872147e-02 -5.43788560e-03  0.00000000e+00 ...  0.00000000e+00\n",
      "   8.70483162e+00  2.72433924e-02]\n",
      " [-1.65567836e-03  6.58663239e-03  0.00000000e+00 ...  0.00000000e+00\n",
      "   2.72433924e-02  9.57486946e+00]]\n",
      "HeH+ CIS roots: [0.81675677 1.08916656 1.08916656 1.12228085 1.25085294 1.32343575\n",
      " 1.37571255 1.37571255 1.37951985 1.50846121 1.6047357  1.6047357\n",
      " 1.69199282 1.69199282 1.80951649 1.86518314 1.86518314 1.92895166\n",
      " 2.1206591  2.31697298 2.31697298 2.53440247 2.53440247 2.62301264\n",
      " 2.90197966 2.90197966 3.41133503 3.58208284 4.32021209 4.32021209\n",
      " 4.4767444  4.4767444  4.77879019 4.77879019 4.84078947 5.14336799\n",
      " 6.29462472 7.36562323 7.36562323 7.74893485 7.74893485 8.51200229\n",
      " 8.51200229 8.70622573 9.57764159]\n",
      "HeH+ correct lowest root:  0.8167567712881398\n",
      "(45, 1) (45, 44)\n",
      "init Guess: 0.817750187355058\n",
      "*********************************\n",
      "*********************************\n",
      "***** Iteration:  0\n",
      "shape:  (45, 2) (45, 45)\n",
      "RHR: \n",
      " [[ 0.82775019 -0.06504177]\n",
      " [-0.06504177  1.20843942]]\n",
      "Roots from <R|H|R> via QR: [0.81694435 1.21924526]\n",
      "C_i vecs:  [[-0.98647854  0.16389046]\n",
      " [-0.16389046 -0.98647854]]\n",
      "ritzRoots: [0.81694435 1.21924526]\n",
      "Norm of residual:  0.0112175578116596\n",
      "*********************************\n",
      "*********************************\n",
      "***** Iteration:  1\n",
      "extending guess for order:  1\n",
      "shape:  (45, 3) (45, 45)\n",
      "RHR: \n",
      " [[ 0.82775019 -0.06504177  0.00490596]\n",
      " [-0.06504177  1.20843942  0.02991513]\n",
      " [ 0.00490596  0.02991513  1.33390914]]\n",
      "Roots from <R|H|R> via QR: [0.81676009 1.21247264 1.34086603]\n",
      "C_i vecs:  [[-0.9860802  -0.16508809 -0.0197927 ]\n",
      " [-0.16519151  0.95917751  0.22954362]\n",
      " [ 0.01891021 -0.22961801  0.9730971 ]]\n",
      "ritzRoots: [0.81676009 1.21247264 1.34086603]\n",
      "Norm of residual:  0.0017007136813633767\n",
      "*********************************\n",
      "*********************************\n",
      "***** Iteration:  2\n",
      "extending guess for order:  1\n",
      "extending guess for order:  2\n",
      "shape:  (45, 4) (45, 45)\n",
      "RHR: \n",
      " [[ 0.82775019 -0.06504177 -0.00490596 -0.01580757]\n",
      " [-0.06504177  1.20843942 -0.02991513  0.09710919]\n",
      " [-0.00490596 -0.02991513  1.33390914  0.04483438]\n",
      " [-0.01580757  0.09710919  0.04483438  1.36259953]]\n",
      "Roots from <R|H|R> via QR: [0.81675681 1.1570987  1.33704983 1.42179295]\n",
      "C_i vecs:  [[-0.98596734 -0.14683165  0.04363117  0.06637159]\n",
      " [-0.16581557  0.83662676 -0.36752968 -0.37078673]\n",
      " [-0.01916361  0.2546804   0.91205435 -0.32082319]\n",
      " [ 0.00252024 -0.46220562 -0.17656479 -0.86901352]]\n",
      "ritzRoots: [0.81675681 1.1570987  1.33704983 1.42179295]\n",
      "Norm of residual:  0.00020679149490771348\n",
      "*********************************\n",
      "*********************************\n",
      "***** Iteration:  3\n",
      "extending guess for order:  1\n",
      "extending guess for order:  2\n",
      "extending guess for order:  3\n",
      "shape:  (45, 5) (45, 45)\n",
      "RHR: \n",
      " [[ 0.82775019 -0.06504177  0.00490596  0.01580757  0.00521698]\n",
      " [-0.06504177  1.20843942  0.02991513 -0.09710919 -0.00747981]\n",
      " [ 0.00490596  0.02991513  1.33390914  0.04483438  0.21081947]\n",
      " [ 0.01580757 -0.09710919  0.04483438  1.36259953 -0.02046805]\n",
      " [ 0.00521698 -0.00747981  0.21081947 -0.02046805  2.02904112]]\n",
      "Roots from <R|H|R> via QR: [0.81675677 1.14975148 1.28793731 1.41919913 2.08809471]\n",
      "C_i vecs:  [[ 9.85963986e-01  1.41914741e-01  5.44044595e-02 -6.89367245e-02\n",
      "   4.80696738e-03]\n",
      " [ 1.65827094e-01 -7.95444106e-01 -4.24985128e-01  3.98941781e-01\n",
      "   1.77388909e-03]\n",
      " [-1.92338517e-02  3.55506857e-01 -8.69799126e-01 -2.10940566e-01\n",
      "   2.68697768e-01]\n",
      " [ 2.53444806e-03 -4.58288937e-01  2.47742689e-02 -8.88389869e-01\n",
      "  -1.07005635e-02]\n",
      " [ 1.67738381e-04 -1.03513312e-01  2.43440981e-01  4.85870465e-02\n",
      "   9.63151470e-01]]\n",
      "ritzRoots: [0.81675677 1.14975148 1.28793731 1.41919913 2.08809471]\n",
      "Norm of residual:  8.775528115364084e-05\n",
      "*********************************\n",
      "*********************************\n",
      "***** Iteration:  4\n",
      "extending guess for order:  1\n",
      "extending guess for order:  2\n",
      "extending guess for order:  3\n",
      "extending guess for order:  4\n",
      "shape:  (45, 6) (45, 45)\n",
      "RHR: \n",
      " [[ 0.82775019 -0.06504177 -0.00490596 -0.01580757  0.00521698  0.01916781]\n",
      " [-0.06504177  1.20843942 -0.02991513  0.09710919 -0.00747981 -0.12576298]\n",
      " [-0.00490596 -0.02991513  1.33390914  0.04483438 -0.21081947  0.07394661]\n",
      " [-0.01580757  0.09710919  0.04483438  1.36259953  0.02046805 -0.22553364]\n",
      " [ 0.00521698 -0.00747981 -0.21081947  0.02046805  2.02904112  0.05939118]\n",
      " [ 0.01916781 -0.12576298  0.07394661 -0.22553364  0.05939118  2.98880965]]\n",
      "Roots from <R|H|R> via QR: [0.81675677 1.14902289 1.27363785 1.38883928 2.08689496 3.03539731]\n",
      "C_i vecs:  [[-9.85964660e-01 -1.39308484e-01 -6.83856358e-02 -6.02989368e-02\n",
      "  -3.81859952e-03  1.18193084e-02]\n",
      " [-1.65822390e-01  7.77958006e-01  5.03065326e-01  3.29127165e-01\n",
      "  -8.15683595e-03 -7.62779760e-02]\n",
      " [-1.92385963e-02  3.70195423e-01 -8.08553515e-01  3.65869108e-01\n",
      "   2.71614344e-01  3.45236437e-02]\n",
      " [ 2.54373941e-03 -4.75431719e-01  1.55836836e-01  8.54812922e-01\n",
      "  -2.20993653e-02 -1.35939608e-01]\n",
      " [-1.69836115e-04  1.08668424e-01 -2.32366291e-01  8.57071075e-02\n",
      "  -9.61492834e-01  4.88146864e-02]\n",
      " [ 2.34264836e-05 -2.20383854e-02  1.01047923e-01  1.26997259e-01\n",
      "   3.44627414e-02  9.85894336e-01]]\n",
      "ritzRoots: [0.81675677 1.14902289 1.27363785 1.38883928 2.08689496 3.03539731]\n",
      "Norm of residual:  7.146965645314213e-05\n",
      "*********************************\n",
      "*********************************\n",
      "***** Iteration:  5\n",
      "extending guess for order:  1\n",
      "extending guess for order:  2\n",
      "extending guess for order:  3\n",
      "extending guess for order:  4\n",
      "extending guess for order:  5\n",
      "shape:  (45, 7) (45, 45)\n",
      "RHR: \n",
      " [[ 0.82775019 -0.06504177  0.00490596  0.01580757  0.00521698  0.01916781\n",
      "   0.00852842]\n",
      " [-0.06504177  1.20843942  0.02991513 -0.09710919 -0.00747981 -0.12576298\n",
      "  -0.05585815]\n",
      " [ 0.00490596  0.02991513  1.33390914  0.04483438  0.21081947 -0.07394661\n",
      "  -0.01946724]\n",
      " [ 0.01580757 -0.09710919  0.04483438  1.36259953 -0.02046805  0.22553364\n",
      "   0.18277597]\n",
      " [ 0.00521698 -0.00747981  0.21081947 -0.02046805  2.02904112  0.05939118\n",
      "   0.16124888]\n",
      " [ 0.01916781 -0.12576298 -0.07394661  0.22553364  0.05939118  2.98880965\n",
      "   0.68028425]\n",
      " [ 0.00852842 -0.05585815 -0.01946724  0.18277597  0.16124888  0.68028425\n",
      "   1.91862673]]\n",
      "Roots from <R|H|R> via QR: [0.81675677 1.14317815 1.26842432 1.37085026 1.58032377 2.10755629\n",
      " 3.38208624]\n",
      "C_i vecs:  [[-9.85964675e-01  1.33310516e-01 -7.98475713e-02 -5.97282430e-02\n",
      "   5.94342949e-03  2.49356223e-03  1.08317063e-02]\n",
      " [-1.65822344e-01 -7.40387019e-01  5.64932513e-01  3.13013908e-01\n",
      "  -4.63523951e-02  1.53163219e-02 -6.94292966e-02]\n",
      " [ 1.92383446e-02  3.82152791e-01  7.49380375e-01 -4.65953370e-01\n",
      "  -6.08596231e-02  2.65654580e-01 -2.50876747e-02]\n",
      " [-2.54294435e-03 -5.08672855e-01 -1.94043742e-01 -7.82945494e-01\n",
      "   2.65673245e-01 -1.98821673e-02  1.40040232e-01]\n",
      " [-1.69368943e-04 -1.29270136e-01 -2.37645333e-01  6.66325831e-02\n",
      "  -1.99698218e-01  9.35525439e-01  8.53625987e-02]\n",
      " [ 2.44024563e-05 -1.12961578e-02  5.91670472e-02  4.16427456e-03\n",
      "  -4.42189369e-01 -1.61531152e-01  8.80187801e-01]\n",
      " [-3.43901243e-06  1.11481696e-01  1.23594730e-01  2.52747697e-01\n",
      "   8.29529474e-01  1.65805235e-01  4.39094809e-01]]\n",
      "ritzRoots: [0.81675677 1.14317815 1.26842432 1.37085026 1.58032377 2.10755629\n",
      " 3.38208624]\n",
      "Norm of residual:  7.278998781189341e-05\n",
      "*********************************\n",
      "*********************************\n",
      "***** Iteration:  6\n",
      "extending guess for order:  1\n",
      "extending guess for order:  2\n",
      "extending guess for order:  3\n",
      "extending guess for order:  4\n",
      "extending guess for order:  5\n",
      "extending guess for order:  6\n",
      "shape:  (45, 8) (45, 45)\n",
      "RHR: \n",
      " [[ 8.27750187e-01 -6.50417667e-02 -4.90595941e-03 -1.58075714e-02\n",
      "   5.21697951e-03  1.91678140e-02  8.52842207e-03 -7.00434482e-03]\n",
      " [-6.50417667e-02  1.20843942e+00 -2.99151342e-02  9.71091923e-02\n",
      "  -7.47980826e-03 -1.25762982e-01 -5.58581465e-02  4.36262813e-02]\n",
      " [-4.90595941e-03 -2.99151342e-02  1.33390914e+00  4.48343805e-02\n",
      "  -2.10819471e-01  7.39466110e-02  1.94672398e-02 -2.79213632e-03]\n",
      " [-1.58075714e-02  9.71091923e-02  4.48343805e-02  1.36259953e+00\n",
      "   2.04680483e-02 -2.25533636e-01 -1.82775972e-01  1.01681021e-01]\n",
      " [ 5.21697951e-03 -7.47980826e-03 -2.10819471e-01  2.04680483e-02\n",
      "   2.02904112e+00  5.93911829e-02  1.61248880e-01 -1.87040115e-01]\n",
      " [ 1.91678140e-02 -1.25762982e-01  7.39466110e-02 -2.25533636e-01\n",
      "   5.93911829e-02  2.98880965e+00  6.80284255e-01 -8.31914568e-01]\n",
      " [ 8.52842207e-03 -5.58581465e-02  1.94672398e-02 -1.82775972e-01\n",
      "   1.61248880e-01  6.80284255e-01  1.91862673e+00 -3.82991644e-01]\n",
      " [-7.00434482e-03  4.36262813e-02 -2.79213632e-03  1.01681021e-01\n",
      "  -1.87040115e-01 -8.31914568e-01 -3.82991644e-01  2.02127826e+00]]\n",
      "Roots from <R|H|R> via QR: [0.81675677 1.14294579 1.2683422  1.3686777  1.50144436 1.61317719\n",
      " 2.12049746 3.85861258]\n",
      "C_i vecs:  [[-9.85964689e-01 -1.33372184e-01  7.97817176e-02  5.78071263e-02\n",
      "   1.20248920e-02  1.22559332e-02 -9.16226092e-04  9.11378699e-03]\n",
      " [-1.65822265e-01  7.40824314e-01 -5.64517563e-01 -3.02188778e-01\n",
      "  -5.91360146e-02 -7.88552607e-02 -2.47870899e-02 -5.79185237e-02]\n",
      " [-1.92383271e-02  3.81723635e-01  7.48794097e-01 -4.60271327e-01\n",
      "  -1.06009644e-01  1.44268891e-02  2.63929673e-01  1.64197524e-02]\n",
      " [ 2.54288998e-03 -5.07255399e-01 -1.97048336e-01 -7.79751552e-01\n",
      "   1.37133907e-02 -2.82905181e-01 -3.85750777e-02 -1.18884519e-01]\n",
      " [-1.68906490e-04  1.32707978e-01  2.34539378e-01 -9.03188082e-02\n",
      "   2.47594681e-01 -5.84048095e-02 -9.18636856e-01  1.03026387e-01]\n",
      " [ 2.56889740e-05  2.04614266e-02 -6.64611615e-02 -5.76018727e-02\n",
      "   5.40742350e-01 -1.67349626e-01  2.36036683e-01  7.84681315e-01]\n",
      " [-3.00140297e-06 -1.08832938e-01 -1.25487591e-01 -2.50532561e-01\n",
      "  -2.98867401e-01  8.11427227e-01 -1.11923385e-01  3.86495770e-01]\n",
      " [ 3.75391836e-06  2.22606424e-02 -1.61620671e-02 -1.06000350e-01\n",
      "   7.36142034e-01  4.72818147e-01  1.26901612e-01 -4.54357858e-01]]\n",
      "ritzRoots: [0.81675677 1.14294579 1.2683422  1.3686777  1.50144436 1.61317719\n",
      " 2.12049746 3.85861258]\n",
      "Norm of residual:  7.193481491822286e-05\n",
      "*********************************\n",
      "*********************************\n",
      "***** Iteration:  7\n",
      "extending guess for order:  1\n",
      "extending guess for order:  2\n",
      "extending guess for order:  3\n",
      "extending guess for order:  4\n",
      "extending guess for order:  5\n",
      "extending guess for order:  6\n",
      "extending guess for order:  7\n",
      "shape:  (45, 9) (45, 45)\n",
      "RHR: \n",
      " [[ 8.27750187e-01 -6.50417667e-02  4.90595941e-03  1.58075714e-02\n",
      "   5.21697951e-03  1.91678140e-02  8.52842207e-03  7.00434482e-03\n",
      "  -7.01817542e-03]\n",
      " [-6.50417667e-02  1.20843942e+00  2.99151342e-02 -9.71091923e-02\n",
      "  -7.47980826e-03 -1.25762982e-01 -5.58581465e-02 -4.36262813e-02\n",
      "   5.30058008e-02]\n",
      " [ 4.90595941e-03  2.99151342e-02  1.33390914e+00  4.48343805e-02\n",
      "   2.10819471e-01 -7.39466110e-02 -1.94672398e-02 -2.79213632e-03\n",
      "   6.76596242e-02]\n",
      " [ 1.58075714e-02 -9.71091923e-02  4.48343805e-02  1.36259953e+00\n",
      "  -2.04680483e-02  2.25533636e-01  1.82775972e-01  1.01681021e-01\n",
      "  -2.20790297e-01]\n",
      " [ 5.21697951e-03 -7.47980826e-03  2.10819471e-01 -2.04680483e-02\n",
      "   2.02904112e+00  5.93911829e-02  1.61248880e-01  1.87040115e-01\n",
      "  -8.22455732e-02]\n",
      " [ 1.91678140e-02 -1.25762982e-01 -7.39466110e-02  2.25533636e-01\n",
      "   5.93911829e-02  2.98880965e+00  6.80284255e-01  8.31914568e-01\n",
      "  -5.00610835e-01]\n",
      " [ 8.52842207e-03 -5.58581465e-02 -1.94672398e-02  1.82775972e-01\n",
      "   1.61248880e-01  6.80284255e-01  1.91862673e+00  3.82991644e-01\n",
      "  -4.20620075e-01]\n",
      " [ 7.00434482e-03 -4.36262813e-02 -2.79213632e-03  1.01681021e-01\n",
      "   1.87040115e-01  8.31914568e-01  3.82991644e-01  2.02127826e+00\n",
      "  -7.34108375e-02]\n",
      " [-7.01817542e-03  5.30058008e-02  6.76596242e-02 -2.20790297e-01\n",
      "  -8.22455732e-02 -5.00610835e-01 -4.20620075e-01 -7.34108375e-02\n",
      "   3.05858431e+00]]\n",
      "Roots from <R|H|R> via QR: [0.81675677 1.13964239 1.26584117 1.36820425 1.48765559 1.56014049\n",
      " 2.12028293 2.77848515 4.21202962]\n",
      "C_i vecs:  [[-9.85964706e-01  1.30560790e-01 -8.41923881e-02  5.81890125e-02\n",
      "   1.45322915e-02  8.08169251e-03  9.66152933e-04 -2.58013487e-03\n",
      "   8.31065788e-03]\n",
      " [-1.65822210e-01 -7.22431874e-01  5.88906321e-01 -3.03061867e-01\n",
      "  -7.32263351e-02 -5.39196398e-02  2.43503090e-02  1.19285222e-02\n",
      "  -5.41606899e-02]\n",
      " [ 1.92379925e-02  3.94049619e-01  7.32283907e-01  4.72408682e-01\n",
      "   1.18897727e-01 -2.02590230e-02  2.63116096e-01 -2.45669639e-02\n",
      "  -2.37571180e-02]\n",
      " [-2.54226272e-03 -5.23207630e-01 -2.02566669e-01  7.80661033e-01\n",
      "   3.25712291e-02  2.35382577e-01 -3.56461445e-02  3.61069580e-02\n",
      "   1.29391681e-01]\n",
      " [-1.68727315e-04 -1.39176407e-01 -2.32947248e-01 -9.11789400e-02\n",
      "   2.09915478e-01 -1.40009530e-01  9.18393120e-01 -5.04791473e-02\n",
      "   9.16004131e-02]\n",
      " [ 2.60727231e-05 -2.98039102e-02  5.48942814e-02 -4.82678368e-02\n",
      "   4.94898913e-01 -2.81512905e-01 -2.40492326e-01 -3.79610677e-01\n",
      "   6.83851801e-01]\n",
      " [-2.41937927e-06  8.97981154e-02  9.84994906e-02 -2.31970370e-01\n",
      "  -2.61367691e-02  8.79803734e-01  1.15649785e-01 -5.58515873e-02\n",
      "   3.70394227e-01]\n",
      " [-4.15363190e-06  3.95982070e-02  7.94301500e-03  8.54971754e-02\n",
      "  -8.20882387e-01 -1.95735991e-01  1.18363109e-01 -3.71869831e-01\n",
      "   3.55811264e-01]\n",
      " [ 2.13046885e-06 -4.62025523e-02 -4.22488736e-02  2.00631589e-02\n",
      "   1.25334337e-01  1.73183719e-01 -1.54344067e-02 -8.42546630e-01\n",
      "  -4.89748390e-01]]\n",
      "ritzRoots: [0.81675677 1.13964239 1.26584117 1.36820425 1.48765559 1.56014049\n",
      " 2.12028293 2.77848515 4.21202962]\n",
      "Norm of residual:  7.451502729524258e-05\n",
      "*********************************\n",
      "*********************************\n",
      "***** Iteration:  8\n",
      "extending guess for order:  1\n",
      "extending guess for order:  2\n",
      "extending guess for order:  3\n",
      "extending guess for order:  4\n",
      "extending guess for order:  5\n",
      "extending guess for order:  6\n",
      "extending guess for order:  7\n",
      "extending guess for order:  8\n",
      "shape:  (45, 10) (45, 45)\n",
      "RHR: \n",
      " [[ 8.27750187e-01 -6.50417667e-02 -4.90595941e-03 -1.58075714e-02\n",
      "   5.21697951e-03  1.91678140e-02  8.52842207e-03 -7.00434482e-03\n",
      "   7.01817542e-03 -6.77504113e-03]\n",
      " [-6.50417667e-02  1.20843942e+00 -2.99151342e-02  9.71091923e-02\n",
      "  -7.47980826e-03 -1.25762982e-01 -5.58581465e-02  4.36262813e-02\n",
      "  -5.30058008e-02  5.11375714e-02]\n",
      " [-4.90595941e-03 -2.99151342e-02  1.33390914e+00  4.48343805e-02\n",
      "  -2.10819471e-01  7.39466110e-02  1.94672398e-02 -2.79213632e-03\n",
      "   6.76596242e-02 -7.57104321e-02]\n",
      " [-1.58075714e-02  9.71091923e-02  4.48343805e-02  1.36259953e+00\n",
      "   2.04680483e-02 -2.25533636e-01 -1.82775972e-01  1.01681021e-01\n",
      "  -2.20790297e-01  1.45530941e-01]\n",
      " [ 5.21697951e-03 -7.47980826e-03 -2.10819471e-01  2.04680483e-02\n",
      "   2.02904112e+00  5.93911829e-02  1.61248880e-01 -1.87040115e-01\n",
      "   8.22455732e-02  8.43866460e-02]\n",
      " [ 1.91678140e-02 -1.25762982e-01  7.39466110e-02 -2.25533636e-01\n",
      "   5.93911829e-02  2.98880965e+00  6.80284255e-01 -8.31914568e-01\n",
      "   5.00610835e-01 -5.79288028e-01]\n",
      " [ 8.52842207e-03 -5.58581465e-02  1.94672398e-02 -1.82775972e-01\n",
      "   1.61248880e-01  6.80284255e-01  1.91862673e+00 -3.82991644e-01\n",
      "   4.20620075e-01  1.33603660e-01]\n",
      " [-7.00434482e-03  4.36262813e-02 -2.79213632e-03  1.01681021e-01\n",
      "  -1.87040115e-01 -8.31914568e-01 -3.82991644e-01  2.02127826e+00\n",
      "  -7.34108375e-02  5.54625859e-01]\n",
      " [ 7.01817542e-03 -5.30058008e-02  6.76596242e-02 -2.20790297e-01\n",
      "   8.22455732e-02  5.00610835e-01  4.20620075e-01 -7.34108375e-02\n",
      "   3.05858431e+00  7.21840116e-01]\n",
      " [-6.77504113e-03  5.11375714e-02 -7.57104321e-02  1.45530941e-01\n",
      "   8.43866460e-02 -5.79288028e-01  1.33603660e-01  5.54625859e-01\n",
      "   7.21840116e-01  4.90064065e+00]]\n",
      "Roots from <R|H|R> via QR: [0.81675677 1.13621145 1.26160164 1.35761943 1.4838399  1.54384985\n",
      " 2.09150194 2.40063605 4.18384833 5.37381364]\n",
      "C_i vecs:  [[ 9.85964710e-01  1.26692296e-01 -9.13762396e-02 -5.42780740e-02\n",
      "   1.87503356e-02 -1.01023746e-02  1.00346462e-03 -1.71795034e-03\n",
      "  -7.80653086e-03  2.89720950e-03]\n",
      " [ 1.65822209e-01 -6.97954416e-01  6.27008864e-01  2.73002139e-01\n",
      "  -9.86186618e-02  6.72422335e-02  2.16511014e-02 -1.75142934e-03\n",
      "   5.07189856e-02 -2.00233353e-02]\n",
      " [ 1.92378705e-02 -4.04186389e-01 -6.89520970e-01  5.23620590e-01\n",
      "  -1.27134907e-01 -2.30125047e-02 -2.45314029e-01  9.48398577e-02\n",
      "  -2.05513248e-02  1.88888322e-02]\n",
      " [-2.54202416e-03  5.43003363e-01  2.26714464e-01  7.26742000e-01\n",
      "  -1.15050795e-01  2.98652126e-01  7.28179698e-03 -7.70282114e-02\n",
      "   1.23910856e-01 -4.26316263e-02]\n",
      " [ 1.68748994e-04 -1.38307279e-01 -2.14900848e-01  1.23699355e-01\n",
      "   2.02706735e-01  1.40495239e-01  8.83268964e-01 -2.62698963e-01\n",
      "  -9.60791805e-02 -1.23374805e-02]\n",
      " [-2.62507338e-05 -3.90487151e-02  4.40933689e-02  2.39975535e-02\n",
      "   4.36928604e-01  3.76494825e-01 -3.15234379e-01 -3.06140744e-01\n",
      "  -6.33723769e-01  2.61914960e-01]\n",
      " [ 2.64063066e-06  1.12438824e-01  1.33742413e-01  2.75391729e-01\n",
      "   5.65591098e-02 -8.45640751e-01  3.77495238e-02 -1.84771447e-01\n",
      "  -3.73498498e-01  1.60005648e-02]\n",
      " [-3.90480746e-06 -1.83641634e-02  2.83318160e-02  1.52692045e-01\n",
      "   8.42074879e-01 -1.07722167e-01 -6.46827095e-02  3.29863345e-01\n",
      "   3.09707223e-01 -2.14333371e-01]\n",
      " [ 2.37539894e-06  6.09166645e-02  5.64711581e-02  3.44311666e-02\n",
      "  -1.20742257e-01  1.08764586e-01  1.88545280e-01  7.52927296e-01\n",
      "  -5.63188073e-01 -2.14188221e-01]\n",
      " [-6.59066271e-07 -3.52863946e-02 -4.08207624e-02 -6.30308061e-02\n",
      "  -4.07241979e-02  7.49960707e-02 -1.36393717e-01 -3.35385315e-01\n",
      "  -1.34732562e-01 -9.14654778e-01]]\n",
      "ritzRoots: [0.81675677 1.13621145 1.26160164 1.35761943 1.4838399  1.54384985\n",
      " 2.09150194 2.40063605 4.18384833 5.37381364]\n",
      "Norm of residual:  7.442640264082014e-05\n",
      "*********************************\n",
      "*********************************\n",
      "***** Iteration:  9\n",
      "extending guess for order:  1\n",
      "extending guess for order:  2\n",
      "extending guess for order:  3\n",
      "extending guess for order:  4\n",
      "extending guess for order:  5\n",
      "extending guess for order:  6\n",
      "extending guess for order:  7\n",
      "extending guess for order:  8\n",
      "extending guess for order:  9\n",
      "shape:  (45, 11) (45, 45)\n",
      "RHR: \n",
      " [[ 8.27750187e-01 -6.50417667e-02  4.90595941e-03  1.58075714e-02\n",
      "   5.21697951e-03  1.91678140e-02  8.52842207e-03  7.00434482e-03\n",
      "  -7.01817542e-03 -6.77504113e-03  3.28769778e-02]\n",
      " [-6.50417667e-02  1.20843942e+00  2.99151342e-02 -9.71091923e-02\n",
      "  -7.47980826e-03 -1.25762982e-01 -5.58581465e-02 -4.36262813e-02\n",
      "   5.30058008e-02  5.11375714e-02 -2.06647192e-01]\n",
      " [ 4.90595941e-03  2.99151342e-02  1.33390914e+00  4.48343805e-02\n",
      "   2.10819471e-01 -7.39466110e-02 -1.94672398e-02 -2.79213632e-03\n",
      "   6.76596242e-02  7.57104321e-02 -7.14027537e-02]\n",
      " [ 1.58075714e-02 -9.71091923e-02  4.48343805e-02  1.36259953e+00\n",
      "  -2.04680483e-02  2.25533636e-01  1.82775972e-01  1.01681021e-01\n",
      "  -2.20790297e-01 -1.45530941e-01  2.13880169e-01]\n",
      " [ 5.21697951e-03 -7.47980826e-03  2.10819471e-01 -2.04680483e-02\n",
      "   2.02904112e+00  5.93911829e-02  1.61248880e-01  1.87040115e-01\n",
      "  -8.22455732e-02  8.43866460e-02 -1.33749532e-03]\n",
      " [ 1.91678140e-02 -1.25762982e-01 -7.39466110e-02  2.25533636e-01\n",
      "   5.93911829e-02  2.98880965e+00  6.80284255e-01  8.31914568e-01\n",
      "  -5.00610835e-01 -5.79288028e-01  2.21546184e-01]\n",
      " [ 8.52842207e-03 -5.58581465e-02 -1.94672398e-02  1.82775972e-01\n",
      "   1.61248880e-01  6.80284255e-01  1.91862673e+00  3.82991644e-01\n",
      "  -4.20620075e-01  1.33603660e-01  5.00842760e-01]\n",
      " [ 7.00434482e-03 -4.36262813e-02 -2.79213632e-03  1.01681021e-01\n",
      "   1.87040115e-01  8.31914568e-01  3.82991644e-01  2.02127826e+00\n",
      "  -7.34108375e-02 -5.54625859e-01  2.23422142e-03]\n",
      " [-7.01817542e-03  5.30058008e-02  6.76596242e-02 -2.20790297e-01\n",
      "  -8.22455732e-02 -5.00610835e-01 -4.20620075e-01 -7.34108375e-02\n",
      "   3.05858431e+00 -7.21840116e-01 -1.57331454e+00]\n",
      " [-6.77504113e-03  5.11375714e-02  7.57104321e-02 -1.45530941e-01\n",
      "   8.43866460e-02 -5.79288028e-01  1.33603660e-01 -5.54625859e-01\n",
      "  -7.21840116e-01  4.90064065e+00  1.05842789e+00]\n",
      " [ 3.28769778e-02 -2.06647192e-01 -7.14027537e-02  2.13880169e-01\n",
      "  -1.33749532e-03  2.21546184e-01  5.00842760e-01  2.23422142e-03\n",
      "  -1.57331454e+00  1.05842789e+00  5.47517713e+00]]\n",
      "Roots from <R|H|R> via QR: [0.81675677 1.13188322 1.25733353 1.35679422 1.48114108 1.53216601\n",
      " 2.08169301 2.1655041  3.25864902 4.92905892 7.11387625]\n",
      "C_i vecs:  [[ 9.85966111e-01  1.29938366e-01 -8.76594705e-02  5.12611944e-02\n",
      "  -2.14076804e-02  6.21075272e-03 -2.77664593e-03  8.87382240e-03\n",
      "   7.84284409e-04  8.40759311e-03 -4.50970062e-03]\n",
      " [ 1.65813785e-01 -7.20184790e-01  6.06383641e-01 -2.54273518e-01\n",
      "   1.13702697e-01 -4.28802255e-02  4.00038806e-02 -3.46118918e-02\n",
      "  -6.83638322e-03 -5.54495314e-02  2.82279616e-02]\n",
      " [-1.92385086e-02  3.82234898e-01  6.96497129e-01  5.31172420e-01\n",
      "  -1.29701818e-01 -1.10889941e-02  2.11570767e-01  1.50973572e-01\n",
      "  -2.48653039e-02 -3.31099317e-02  7.66060430e-03]\n",
      " [ 2.54318966e-03 -5.21435398e-01 -2.67958232e-01  7.31879499e-01\n",
      "  -8.86215321e-02  3.06027496e-01  1.01842843e-02 -6.61945221e-02\n",
      "  -3.57934579e-02  1.09844628e-01 -3.61993195e-02]\n",
      " [ 1.67206353e-04 -1.36939361e-01 -2.10071852e-01 -1.31660640e-01\n",
      "  -2.16986336e-01 -1.21192717e-01  7.87119531e-01  4.61082948e-01\n",
      "  -1.57897848e-01  2.50301344e-02 -1.72988992e-02]\n",
      " [-2.86248667e-05 -4.94262110e-02  5.70376819e-02 -3.34260903e-02\n",
      "  -4.70505320e-01 -3.27168165e-01 -3.18970274e-01  2.23294874e-02\n",
      "  -5.47149360e-01  5.11651761e-01 -3.70350647e-02]\n",
      " [ 7.39734191e-06  1.21538015e-01  1.20840584e-01 -2.59277844e-01\n",
      "   3.37996994e-02  8.52128208e-01 -1.22529213e-02  1.58073818e-01\n",
      "  -3.03265877e-01  2.09550624e-01 -1.22951368e-01]\n",
      " [ 4.37827930e-06  2.19219915e-02 -3.43287197e-02  1.56601737e-01\n",
      "   8.17841699e-01 -2.08791519e-01 -2.05449418e-02  2.89659515e-01\n",
      "  -2.77649815e-01  3.14618206e-01  3.09702097e-02]\n",
      " [-1.44613737e-05 -8.72361596e-02 -2.82786784e-02  1.88743894e-02\n",
      "  -1.44608743e-01  5.14991327e-02 -4.35727862e-01  7.40999382e-01\n",
      "   1.73857935e-01 -1.93084025e-01  4.01526090e-01]\n",
      " [ 1.99143879e-06 -2.90794893e-02 -4.66632365e-02  6.36217188e-02\n",
      "   3.50892246e-02 -7.47875298e-02 -1.64415012e-01  1.15868209e-01\n",
      "  -4.90884229e-01 -6.77389438e-01 -4.95805667e-01]\n",
      " [-1.93762283e-05 -3.93488423e-02  3.95386283e-02 -1.79061382e-02\n",
      "  -3.64463664e-02 -6.82533500e-02 -1.21505488e-01  2.95054156e-01\n",
      "   4.83213744e-01  2.86783106e-01 -7.56981022e-01]]\n",
      "ritzRoots: [0.81675677 1.13188322 1.25733353 1.35679422 1.48114108 1.53216601\n",
      " 2.08169301 2.1655041  3.25864902 4.92905892 7.11387625]\n",
      "Norm of residual:  6.042608526235023e-05\n"
     ]
    }
   ],
   "source": [
    "#HeH+ AUG-CC-PVTZ\n",
    "cisHeH=np.loadtxt('HeHaugccpvtz.txt')\n",
    "print(cisHeH)\n",
    "finalCisHeH=np.zeros((45,45)) #dimension of HeH+ CIS matrix; defines i and j index as well\n",
    "\n",
    "counter=0\n",
    "for i in range(45):\n",
    "    for j in range(45):\n",
    "        #print('i,j:',i,j)\n",
    "        finalCisHeH[i,j]=cisHeH[counter]\n",
    "        #finalCisHeH[j,i]=finalCisHeH[i,j]\n",
    "        counter=counter+1\n",
    "        \n",
    "print('finalCISheH',finalCisHeH)\n",
    "guessRoots,guessVecs=LA.eig(finalCisHeH)\n",
    "print('HeH+ CIS roots:',np.sort(guessRoots))\n",
    "print('HeH+ correct lowest root: ',np.sort(guessRoots)[0])\n",
    "\n",
    "finalEps=runVariationalAlgo(finalCisHeH,45)"
   ]
  },
  {
   "cell_type": "code",
   "execution_count": null,
   "id": "3c2ae2b3",
   "metadata": {},
   "outputs": [],
   "source": [
    "print('HeH aug-cc-pvtz basis: ',finalEps)\n",
    "0.023142729774758113"
   ]
  },
  {
   "cell_type": "code",
   "execution_count": null,
   "id": "65f9fc9f",
   "metadata": {},
   "outputs": [],
   "source": [
    "#HeH+\n",
    "cisHeH=np.loadtxt('cisHeH.txt')\n",
    "print(cisHeH)\n",
    "finalCisHeH=np.zeros((11,11)) #dimension of HeH+ CIS matrix; defines i and j index as well\n",
    "\n",
    "counter=0\n",
    "for i in range(11):\n",
    "    for j in range(i,11):\n",
    "        print('i,j:',i,j)\n",
    "        finalCisHeH[i,j]=cisHeH[counter]\n",
    "        finalCisHeH[j,i]=finalCisHeH[i,j]\n",
    "        counter=counter+1\n",
    "        \n",
    "print('finalCISheH',finalCisHeH)\n",
    "guessRoots,guessVecs=LA.eig(finalCisHeH)\n",
    "print('HeH+ CIS roots:',np.sort(guessRoots))\n",
    "\n",
    "tmp=runVariationalAlgo(finalCisHeH,11)"
   ]
  },
  {
   "cell_type": "code",
   "execution_count": null,
   "id": "9479f6d0",
   "metadata": {},
   "outputs": [],
   "source": [
    "print('CIS iterations for HeH+:',tmp)"
   ]
  },
  {
   "cell_type": "code",
   "execution_count": null,
   "id": "20e458f3",
   "metadata": {},
   "outputs": [],
   "source": [
    "# Water CIS\n",
    "# Water CIS\n",
    "water=np.loadtxt('waterCIS.txt')\n",
    "print(water)\n",
    "finalwater=np.zeros((100,100)) #dimension of HeH+ CIS matrix; defines i and j index as well\n",
    "\n",
    "counter=0\n",
    "for i in range(100):\n",
    "    for j in range(100):\n",
    "        #print('i,j:',i,j)\n",
    "        finalwater[i,j]=water[counter]\n",
    "        counter=counter+1\n",
    "        \n",
    "print('water',finalwater)\n",
    "guessRoots,guessVecs=LA.eig(finalwater)\n",
    "print('water CIS roots:',np.sort(guessRoots))\n",
    "eps=runVariationalAlgo(finalwater,100)\n",
    "print('Convergence Info: ',eps)\n",
    "0.37098005\n"
   ]
  },
  {
   "cell_type": "code",
   "execution_count": null,
   "id": "555d1a67",
   "metadata": {},
   "outputs": [],
   "source": [
    "#water dimer\n",
    "# Water DIMER CIS\n",
    "water=np.loadtxt('waterDimerCIS.txt')\n",
    "print(water)\n",
    "finalwater=np.zeros((400,400)) #dimension of HeH+ CIS matrix; defines i and j index as well\n",
    "\n",
    "counter=0\n",
    "for i in range(400):\n",
    "    for j in range(400):\n",
    "        #print('i,j:',i,j)\n",
    "        finalwater[i,j]=water[counter]\n",
    "        counter=counter+1\n",
    "        \n",
    "print('water',finalwater)\n",
    "guessRoots,guessVecs=LA.eig(finalwater)\n",
    "print('water CIS roots:',np.sort(guessRoots))\n",
    "eps=runVariationalAlgo(finalwater,400)"
   ]
  },
  {
   "cell_type": "code",
   "execution_count": null,
   "id": "e3eeb5a7",
   "metadata": {},
   "outputs": [],
   "source": [
    "print(eps)\n",
    "x=np.arange(1,len(eps)+1)\n",
    "print(x)\n",
    "plt.plot(x,eps,'o')\n",
    "plt.show()"
   ]
  },
  {
   "cell_type": "code",
   "execution_count": null,
   "id": "036c23cd",
   "metadata": {},
   "outputs": [],
   "source": [
    "error=[]\n",
    "for i in range(len(eps)):\n",
    "    tmp=abs(0.38009787-eps[i])\n",
