{
 "cells": [
  {
   "cell_type": "code",
   "execution_count": 1,
   "id": "dbb638f9",
   "metadata": {},
   "outputs": [],
   "source": [
    "import numpy as np\n",
    "from numpy.linalg import inv\n",
    "from numpy import linalg as LA\n",
    "import matplotlib.pyplot as plt"
   ]
  },
  {
   "cell_type": "code",
   "execution_count": 16,
   "id": "ca5ffc64",
   "metadata": {},
   "outputs": [],
   "source": [
    "def createModelMatrix(matrixDim,sparsity):\n",
    "    #matrixDim=10\n",
    "    #sparsity = 0.01\n",
    "    Amat = np.zeros((matrixDim,matrixDim))\n",
    "    for i in range(0,matrixDim):\n",
    "        Amat[i,i] = i + 1\n",
    "    Amat = Amat + sparsity*np.random.randint(20,size=(matrixDim,matrixDim)) \n",
    "    #print(\"Amat: \\n\",Amat)\n",
    "    u,v=LA.eig(Amat)\n",
    "    print('Correct roots: ',np.sort(u))\n",
    "    return Amat\n",
    "\n",
    "\n",
    "\n",
    "def createT0_projQ(q,qDim,H0Dim,eps,H0): #qDim>0\n",
    "    #print('q',q,eps,qDim)\n",
    "    epsMat=np.zeros((H0Dim,H0Dim))\n",
    "    denom=np.zeros((H0Dim,H0Dim))\n",
    "    np.fill_diagonal(epsMat,eps)\n",
    "    \n",
    "    sumMatrix=np.zeros((H0Dim,H0Dim))\n",
    "    for i in range(qDim):\n",
    "        Q=np.outer(q[:,i],q[:,i])\n",
    "        #print('Q outer:',Q)\n",
    "        QH0Q=np.matmul(np.matmul(Q,H0),Q)\n",
    "        denom=epsMat-QH0Q\n",
    "        for x in range(H0Dim):\n",
    "            if (abs(denom[x,x]) < 0.0001):\n",
    "                if (denom[x,x]< 0.00000000000000001):\n",
    "                    factor=-1.0\n",
    "                    denom[x,x]=factor*0.0001\n",
    "                else:\n",
    "                    factor=1.0\n",
    "                    denom[x,x]=factor*0.0001\n",
    "            denom[x,x]=1.0/denom[x,x]\n",
    "                \n",
    "        #denom=inv(denom)\n",
    "        sumMatrix=sumMatrix+np.matmul(np.matmul(Q,denom),Q) #q[:,i],denom),q[:,i].T)\n",
    "    #print('T0 value is: ',sumMatrix)\n",
    "    return sumMatrix\n",
    "\n",
    "\n",
    "def extendPSpace(T0,V,p,order):\n",
    "    T0V=np.matmul(T0,V)\n",
    "    tmp=T0V\n",
    "    \n",
    "    for i in range(1,order+1):\n",
    "        print('extending guess for order: ',i)\n",
    "        tmp=np.matmul(tmp,T0V)\n",
    "        \n",
    "    correctionVec=np.matmul(tmp,p)\n",
    "    #print('Correction vector: \\n',correctionVec)\n",
    "    return correctionVec\n",
    "\n",
    "def computeRHR(fullSpace,H,HDim,order):\n",
    "#     overlap=fullSpace[:,:order+1].T @ fullSpace[:,:order+1]\n",
    "#     #print('overlap',overlap)\n",
    "#     s,u=LA.eig(overlap)\n",
    "#     #print('little s:',s)\n",
    "#     sDiag=np.zeros((order+1,order+1))#\n",
    "#     np.fill_diagonal(sDiag,s)\n",
    "#     for i in range(order+1):\n",
    "#         sDiag[i,i]=1.0/np.sqrt(sDiag[i,i])\n",
    "#     #print('sdiag:',sDiag)\n",
    "        \n",
    "#     X=u.T @ sDiag\n",
    "#     X=X @ u\n",
    "#     RHR=(fullSpace[:,:order+1].T @ H) @ fullSpace[:,:order+1]\n",
    "#     Hprime=X.T @ RHR\n",
    "#     Hprime=Hprime @ X\n",
    "#     try:\n",
    "#         roots,vecs=LA.eig(Hprime)\n",
    "#         indx=roots.argsort()\n",
    "#         theta=roots[indx]\n",
    "#         vecs=vecs[:,indx] # these are C' ; must convert back to C, ie XC'=C\n",
    "#         transformedVecs=X@vecs # this is the back transform step\n",
    "#         usableRoots=[ elem for elem in theta if elem > 0.15 ]\n",
    "#         usableIndx=[x for x in range(len(theta)) if theta[x] > 0.15]\n",
    "#         #print('Usable roots from <R|H|R>: ',usableRoots)\n",
    "#         #print('Usable vecs from <R|H|R>: ',transformedVecs[:,usableIndx])\n",
    "#     except np.linalg.LinAlgError as err:\n",
    "#         print('inf or NaN inside the code performing delta^(-1/2)Hdelta^(-1/2) diagonalization!!')\n",
    "#         print(\"Formal error message: \")\n",
    "#         print(err)\n",
    "    \n",
    "    \n",
    "    ## test orthogonalizing fullspace\n",
    "    #qq,r=LA.qr(fullSpace[:,:order+1])\n",
    "    #print('orthogonalized contribuition to |R>:',qq[:,order])\n",
    "    print('shape: ',np.shape(fullSpace[:,:order+1]),np.shape(H))\n",
    "    RHR=(fullSpace[:,:order+1].T @ H ) @ fullSpace[:,:order+1]#(qq.T @ H) @ qq\n",
    "    print('RHR: \\n',RHR)\n",
    "    roots,vecs=LA.eig(RHR)\n",
    "    print('Roots from <R|H|R> via QR:',np.sort(roots))\n",
    "    indx=roots.argsort()\n",
    "    theta=roots[indx]\n",
    "    vecs=vecs[:,indx]\n",
    "    print('C_i vecs: ',vecs)\n",
    "    usableRoots=[ elem for elem in theta if elem > 0.15 ]\n",
    "    usableIndx=[x for x in range(len(theta)) if theta[x] > 0.15]\n",
    "    #print('C_i vecs: ',vecs[:,usableIndx])\n",
    "    return roots,vecs #usableRoots,vecs[:,usableIndx]   \n",
    "        \n",
    "def defineAllVariables(Amat,matrixDim,rootNum): #defines single vector p,q,eps,H0,V from a given matrix and its dimension\n",
    "    p=np.zeros((matrixDim,1))\n",
    "    q=np.zeros((matrixDim,matrixDim-1))\n",
    "    print(np.shape(p),np.shape(q))\n",
    "    diagMat=np.diag(Amat)\n",
    "    #print('diagonal of Matrix: ',diagMat)\n",
    "    \n",
    "    newDiag=[]\n",
    "    for i in range(matrixDim):\n",
    "        for j in range(matrixDim):\n",
    "            if i==j:\n",
    "                newDiag.append(Amat[i,j])\n",
    "                \n",
    "    #print('new diagonal of matrix: ',newDiag)\n",
    "    \n",
    "    lowestElements=np.argsort(diagMat)\n",
    "    #print('lowest element index:',lowestElements)\n",
    "    #print('actual lowest element of Hbar:',diagMat[lowestElements[0]])\n",
    "\n",
    "    p[lowestElements[rootNum],0]=1.0\n",
    "    #print('p',p)\n",
    "    counter=0\n",
    "    for i in range(len(lowestElements)):\n",
    "        if i==lowestElements[rootNum]:\n",
    "            continue\n",
    "        else:\n",
    "            q[lowestElements[i],counter]=1.0\n",
    "            counter=counter+1\n",
    "\n",
    "\n",
    "        \n",
    "        \n",
    "    H0=np.diag(np.diag(Amat))#np.matmul(np.matmul(projP,Amat),projP)\n",
    "    V=Amat-H0\n",
    "    #print('V \\n',V)\n",
    "    #print('original Guess:',diagMat[0])\n",
    "    guessEps=diagMat[lowestElements[rootNum]] -0.01\n",
    "    eps=guessEps\n",
    "    print('init Guess:',eps) \n",
    "    return p,q,H0,V,eps\n",
    "\n",
    "\n",
    "def runVariationalAlgo(H,Hdim,numRoots):\n",
    "    rootNumber=np.arange(numRoots)\n",
    "    for xx in range(len(rootNumber)):    \n",
    "        print('Searching for root number: ',xx)\n",
    "        p,q,H0,V,eps=defineAllVariables(H,Hdim,rootNumber[xx])\n",
    "        #print('H0:',H0)\n",
    "        fullSpace=np.zeros((Hdim,Hdim))\n",
    "        #print('shape of FS and p',np.shape(fullSpace[:,0]),np.shape(p))\n",
    "        fullSpace[:,[0]]=p\n",
    "        order=0\n",
    "        qDim=Hdim-1\n",
    "        Hbkup=H\n",
    "        #print('initial guess H0: ',eps)\n",
    "        finalEps=[]\n",
    "        tmpRoots=np.zeros((Hdim,Hdim))\n",
    "        for i in range(5):\n",
    "            print('*********************************')\n",
    "            print('*********************************')\n",
    "            print('***** Iteration: ',i)\n",
    "            T0=createT0_projQ(q,qDim,Hdim,eps,H0)\n",
    "            pertVec=extendPSpace(T0,V,p,order) # first order correction\n",
    "            order=order+1\n",
    "            normPertVec=LA.norm(pertVec)\n",
    "            pertVec=(1.000000000000/normPertVec)*pertVec\n",
    "            fullSpace[:,[order]]=pertVec\n",
    "\n",
    "            ## try orthogonalizing fullSpace\n",
    "            qq,r=LA.qr(fullSpace[:,:order+1])\n",
    "            fullSpace[:,:order+1]=qq\n",
    "            ##\n",
    "            ritzRoots,ritzVecs=computeRHR(fullSpace,H,Hdim,order)\n",
    "            #print('ritzVecs:',ritzVecs)\n",
    "            print('ritzRoots:',np.sort(ritzRoots))\n",
    "            transformedVec=fullSpace[:,:order+1]@ritzVecs[:,0]\n",
    "            np.fill_diagonal(tmpRoots,np.sort(ritzRoots)[0])\n",
    "            residualVec=(H-tmpRoots)@transformedVec\n",
    "            normResid=LA.norm(residualVec)\n",
    "            print('Norm of residual: ',normResid)\n",
    "            eps=np.sort(ritzRoots)[0]\n",
    "            finalEps.append(eps)\n",
    "        \n",
    "    return finalEps\n",
    "       \n"
   ]
  },
  {
   "cell_type": "code",
   "execution_count": 17,
   "id": "271282e9",
   "metadata": {},
   "outputs": [
    {
     "name": "stdout",
     "output_type": "stream",
     "text": [
      "[0.82775019 0.0371169  0.         ... 0.         0.02724339 9.57486946]\n",
      "finalCISheH [[ 8.27750187e-01  3.71169013e-02  0.00000000e+00 ...  0.00000000e+00\n",
      "   1.50872147e-02 -1.65567836e-03]\n",
      " [ 3.71169013e-02  1.15491469e+00  0.00000000e+00 ...  0.00000000e+00\n",
      "  -5.43788560e-03  6.58663239e-03]\n",
      " [ 0.00000000e+00  0.00000000e+00  1.11166601e+00 ...  1.09100477e-02\n",
      "   0.00000000e+00  0.00000000e+00]\n",
      " ...\n",
      " [ 0.00000000e+00  0.00000000e+00  1.09100477e-02 ...  8.51138385e+00\n",
      "   0.00000000e+00  0.00000000e+00]\n",
      " [ 1.50872147e-02 -5.43788560e-03  0.00000000e+00 ...  0.00000000e+00\n",
      "   8.70483162e+00  2.72433924e-02]\n",
      " [-1.65567836e-03  6.58663239e-03  0.00000000e+00 ...  0.00000000e+00\n",
      "   2.72433924e-02  9.57486946e+00]]\n",
      "HeH+ CIS roots: [0.81675677 1.08916656 1.08916656 1.12228085 1.25085294 1.32343575\n",
      " 1.37571255 1.37571255 1.37951985 1.50846121 1.6047357  1.6047357\n",
      " 1.69199282 1.69199282 1.80951649 1.86518314 1.86518314 1.92895166\n",
      " 2.1206591  2.31697298 2.31697298 2.53440247 2.53440247 2.62301264\n",
      " 2.90197966 2.90197966 3.41133503 3.58208284 4.32021209 4.32021209\n",
      " 4.4767444  4.4767444  4.77879019 4.77879019 4.84078947 5.14336799\n",
      " 6.29462472 7.36562323 7.36562323 7.74893485 7.74893485 8.51200229\n",
      " 8.51200229 8.70622573 9.57764159]\n",
      "HeH+ correct lowest root:  0.8167567712881398\n",
      "Searching for root number:  0\n",
      "(45, 1) (45, 44)\n",
      "init Guess: 0.817750187355058\n",
      "*********************************\n",
      "*********************************\n",
      "***** Iteration:  0\n",
      "shape:  (45, 2) (45, 45)\n",
      "RHR: \n",
      " [[ 0.82775019 -0.06504177]\n",
      " [-0.06504177  1.20843942]]\n",
      "Roots from <R|H|R> via QR: [0.81694435 1.21924526]\n",
      "C_i vecs:  [[-0.98647854  0.16389046]\n",
      " [-0.16389046 -0.98647854]]\n",
      "ritzRoots: [0.81694435 1.21924526]\n",
      "Norm of residual:  0.0112175578116596\n",
      "*********************************\n",
      "*********************************\n",
      "***** Iteration:  1\n",
      "extending guess for order:  1\n",
      "shape:  (45, 3) (45, 45)\n",
      "RHR: \n",
      " [[ 0.82775019 -0.06504177  0.00490596]\n",
      " [-0.06504177  1.20843942  0.02991513]\n",
      " [ 0.00490596  0.02991513  1.33390914]]\n",
      "Roots from <R|H|R> via QR: [0.81676009 1.21247264 1.34086603]\n",
      "C_i vecs:  [[-0.9860802  -0.16508809 -0.0197927 ]\n",
      " [-0.16519151  0.95917751  0.22954362]\n",
      " [ 0.01891021 -0.22961801  0.9730971 ]]\n",
      "ritzRoots: [0.81676009 1.21247264 1.34086603]\n",
      "Norm of residual:  0.0017007136813633767\n",
      "*********************************\n",
      "*********************************\n",
      "***** Iteration:  2\n",
      "extending guess for order:  1\n",
      "extending guess for order:  2\n",
      "shape:  (45, 4) (45, 45)\n",
      "RHR: \n",
      " [[ 0.82775019 -0.06504177 -0.00490596 -0.01580757]\n",
      " [-0.06504177  1.20843942 -0.02991513  0.09710919]\n",
      " [-0.00490596 -0.02991513  1.33390914  0.04483438]\n",
      " [-0.01580757  0.09710919  0.04483438  1.36259953]]\n",
      "Roots from <R|H|R> via QR: [0.81675681 1.1570987  1.33704983 1.42179295]\n",
      "C_i vecs:  [[-0.98596734 -0.14683165  0.04363117  0.06637159]\n",
      " [-0.16581557  0.83662676 -0.36752968 -0.37078673]\n",
      " [-0.01916361  0.2546804   0.91205435 -0.32082319]\n",
      " [ 0.00252024 -0.46220562 -0.17656479 -0.86901352]]\n",
      "ritzRoots: [0.81675681 1.1570987  1.33704983 1.42179295]\n",
      "Norm of residual:  0.00020679149490771348\n",
      "*********************************\n",
      "*********************************\n",
      "***** Iteration:  3\n",
      "extending guess for order:  1\n",
      "extending guess for order:  2\n",
      "extending guess for order:  3\n",
      "shape:  (45, 5) (45, 45)\n",
      "RHR: \n",
      " [[ 0.82775019 -0.06504177  0.00490596  0.01580757  0.00521698]\n",
      " [-0.06504177  1.20843942  0.02991513 -0.09710919 -0.00747981]\n",
      " [ 0.00490596  0.02991513  1.33390914  0.04483438  0.21081947]\n",
      " [ 0.01580757 -0.09710919  0.04483438  1.36259953 -0.02046805]\n",
      " [ 0.00521698 -0.00747981  0.21081947 -0.02046805  2.02904112]]\n",
      "Roots from <R|H|R> via QR: [0.81675677 1.14975148 1.28793731 1.41919913 2.08809471]\n",
      "C_i vecs:  [[ 9.85963986e-01  1.41914741e-01  5.44044595e-02 -6.89367245e-02\n",
      "   4.80696738e-03]\n",
      " [ 1.65827094e-01 -7.95444106e-01 -4.24985128e-01  3.98941781e-01\n",
      "   1.77388909e-03]\n",
      " [-1.92338517e-02  3.55506857e-01 -8.69799126e-01 -2.10940566e-01\n",
      "   2.68697768e-01]\n",
      " [ 2.53444806e-03 -4.58288937e-01  2.47742689e-02 -8.88389869e-01\n",
      "  -1.07005635e-02]\n",
      " [ 1.67738381e-04 -1.03513312e-01  2.43440981e-01  4.85870465e-02\n",
      "   9.63151470e-01]]\n",
      "ritzRoots: [0.81675677 1.14975148 1.28793731 1.41919913 2.08809471]\n",
      "Norm of residual:  8.775528115364084e-05\n",
      "*********************************\n",
      "*********************************\n",
      "***** Iteration:  4\n",
      "extending guess for order:  1\n",
      "extending guess for order:  2\n",
      "extending guess for order:  3\n",
      "extending guess for order:  4\n",
      "shape:  (45, 6) (45, 45)\n",
      "RHR: \n",
      " [[ 0.82775019 -0.06504177 -0.00490596 -0.01580757  0.00521698  0.01916781]\n",
      " [-0.06504177  1.20843942 -0.02991513  0.09710919 -0.00747981 -0.12576298]\n",
      " [-0.00490596 -0.02991513  1.33390914  0.04483438 -0.21081947  0.07394661]\n",
      " [-0.01580757  0.09710919  0.04483438  1.36259953  0.02046805 -0.22553364]\n",
      " [ 0.00521698 -0.00747981 -0.21081947  0.02046805  2.02904112  0.05939118]\n",
      " [ 0.01916781 -0.12576298  0.07394661 -0.22553364  0.05939118  2.98880965]]\n",
      "Roots from <R|H|R> via QR: [0.81675677 1.14902289 1.27363785 1.38883928 2.08689496 3.03539731]\n",
      "C_i vecs:  [[-9.85964660e-01 -1.39308484e-01 -6.83856358e-02 -6.02989368e-02\n",
      "  -3.81859952e-03  1.18193084e-02]\n",
      " [-1.65822390e-01  7.77958006e-01  5.03065326e-01  3.29127165e-01\n",
      "  -8.15683595e-03 -7.62779760e-02]\n",
      " [-1.92385963e-02  3.70195423e-01 -8.08553515e-01  3.65869108e-01\n",
      "   2.71614344e-01  3.45236437e-02]\n",
      " [ 2.54373941e-03 -4.75431719e-01  1.55836836e-01  8.54812922e-01\n",
      "  -2.20993653e-02 -1.35939608e-01]\n",
      " [-1.69836115e-04  1.08668424e-01 -2.32366291e-01  8.57071075e-02\n",
      "  -9.61492834e-01  4.88146864e-02]\n",
      " [ 2.34264836e-05 -2.20383854e-02  1.01047923e-01  1.26997259e-01\n",
      "   3.44627414e-02  9.85894336e-01]]\n",
      "ritzRoots: [0.81675677 1.14902289 1.27363785 1.38883928 2.08689496 3.03539731]\n",
      "Norm of residual:  7.146965645314213e-05\n",
      "Searching for root number:  1\n",
      "(45, 1) (45, 44)\n",
      "init Guess: 1.10166600585789\n",
      "*********************************\n",
      "*********************************\n",
      "***** Iteration:  0\n",
      "shape:  (45, 2) (45, 45)\n",
      "RHR: \n",
      " [[ 1.11166601 -0.08160184]\n",
      " [-0.08160184  1.38885193]]\n",
      "Roots from <R|H|R> via QR: [1.08942716 1.41109078]\n",
      "C_i vecs:  [[-0.96481244  0.26293908]\n",
      " [-0.26293908 -0.96481244]]\n",
      "ritzRoots: [1.08942716 1.41109078]\n",
      "Norm of residual:  0.02066780416156921\n",
      "*********************************\n",
      "*********************************\n",
      "***** Iteration:  1\n",
      "extending guess for order:  1\n",
      "shape:  (45, 3) (45, 45)\n",
      "RHR: \n",
      " [[ 1.11166601 -0.08160184  0.00834809]\n",
      " [-0.08160184  1.38885193  0.03914571]\n",
      " [ 0.00834809  0.03914571  2.39098529]]\n",
      "Roots from <R|H|R> via QR: [1.0891678  1.40980243 2.392533  ]\n",
      "C_i vecs:  [[-0.96430418 -0.264766    0.00405071]\n",
      " [-0.26441946  0.96363325  0.03864336]\n",
      " [ 0.01413484 -0.03619287  0.99924486]]\n",
      "ritzRoots: [1.0891678  1.40980243 2.392533  ]\n",
      "Norm of residual:  0.0010691510322168223\n",
      "*********************************\n",
      "*********************************\n",
      "***** Iteration:  2\n",
      "extending guess for order:  1\n",
      "extending guess for order:  2\n",
      "shape:  (45, 4) (45, 45)\n",
      "RHR: \n",
      " [[ 1.11166601 -0.08160184  0.00834809 -0.02542974]\n",
      " [-0.08160184  1.38885193  0.03914571  0.08721267]\n",
      " [ 0.00834809  0.03914571  2.39098529 -0.0390753 ]\n",
      " [-0.02542974  0.08721267 -0.0390753   1.78545515]]\n",
      "Roots from <R|H|R> via QR: [1.08916656 1.38833303 1.80479433 2.39466446]\n",
      "C_i vecs:  [[-0.96440683 -0.25722524 -0.06102263  0.0055572 ]\n",
      " [-0.26404409  0.93835753  0.22059513  0.03322132]\n",
      " [ 0.01408341 -0.04333306  0.05093901  0.99766183]\n",
      " [-0.00135909 -0.22680954  0.972121   -0.05946714]]\n",
      "ritzRoots: [1.08916656 1.38833303 1.80479433 2.39466446]\n",
      "Norm of residual:  8.58668386664794e-05\n",
      "*********************************\n",
      "*********************************\n",
      "***** Iteration:  3\n",
      "extending guess for order:  1\n",
      "extending guess for order:  2\n",
      "extending guess for order:  3\n",
      "shape:  (45, 5) (45, 45)\n",
      "RHR: \n",
      " [[ 1.11166601 -0.08160184  0.00834809 -0.02542974  0.01225087]\n",
      " [-0.08160184  1.38885193  0.03914571  0.08721267 -0.06705067]\n",
      " [ 0.00834809  0.03914571  2.39098529 -0.0390753  -0.412667  ]\n",
      " [-0.02542974  0.08721267 -0.0390753   1.78545515  0.10853141]\n",
      " [ 0.01225087 -0.06705067 -0.412667    0.10853141  2.49286702]]\n",
      "Roots from <R|H|R> via QR: [1.08916656 1.38259966 1.79344028 2.03317948 2.87143943]\n",
      "C_i vecs:  [[ 9.64409906e-01 -2.55293093e-01 -6.79043468e-02 -1.09446174e-02\n",
      "  -2.86082816e-03]\n",
      " [ 2.64031875e-01  9.33148530e-01  2.39644082e-01  4.45216869e-04\n",
      "   4.57329829e-02]\n",
      " [-1.41005483e-02 -1.13166342e-02 -6.38971411e-02 -7.53163846e-01\n",
      "   6.54472676e-01]\n",
      " [ 1.36850560e-03 -2.40364383e-01  9.52802047e-01 -1.59484217e-01\n",
      "  -9.46368599e-02]\n",
      " [-5.60681883e-05  7.84611713e-02 -1.61385033e-01 -6.38113644e-01\n",
      "  -7.48738733e-01]]\n",
      "ritzRoots: [1.08916656 1.38259966 1.79344028 2.03317948 2.87143943]\n",
      "Norm of residual:  8.472925129464536e-06\n",
      "*********************************\n",
      "*********************************\n",
      "***** Iteration:  4\n",
      "extending guess for order:  1\n",
      "extending guess for order:  2\n",
      "extending guess for order:  3\n",
      "extending guess for order:  4\n",
      "shape:  (45, 6) (45, 45)\n",
      "RHR: \n",
      " [[ 1.11166601e+00 -8.16018426e-02  8.34808791e-03 -2.54297439e-02\n",
      "   1.22508691e-02  1.55762354e-03]\n",
      " [-8.16018426e-02  1.38885193e+00  3.91457148e-02  8.72126673e-02\n",
      "  -6.70506674e-02  2.38089405e-03]\n",
      " [ 8.34808791e-03  3.91457148e-02  2.39098529e+00 -3.90753017e-02\n",
      "  -4.12667004e-01  1.79770672e-01]\n",
      " [-2.54297439e-02  8.72126673e-02 -3.90753017e-02  1.78545515e+00\n",
      "   1.08531409e-01  2.65945654e-01]\n",
      " [ 1.22508691e-02 -6.70506674e-02 -4.12667004e-01  1.08531409e-01\n",
      "   2.49286702e+00 -5.65076620e-01]\n",
      " [ 1.55762354e-03  2.38089405e-03  1.79770672e-01  2.65945654e-01\n",
      "  -5.65076620e-01  4.34830403e+00]]\n",
      "Roots from <R|H|R> via QR: [1.08916656 1.37784329 1.74472992 2.01995551 2.7238006  4.56263355]\n",
      "C_i vecs:  [[ 9.64409733e-01  2.52281173e-01  7.88559606e-02  6.91341600e-03\n",
      "   9.26530832e-04 -1.07722115e-03]\n",
      " [ 2.64032513e-01 -9.22385025e-01 -2.78553182e-01  1.14877473e-02\n",
      "  -4.07425574e-02  1.04354516e-02]\n",
      " [-1.41005994e-02  9.74901219e-03  8.87385423e-02  7.11208358e-01\n",
      "  -6.84804782e-01  1.30601236e-01]\n",
      " [ 1.36709596e-03  2.70037008e-01 -9.04944704e-01  2.65650181e-01\n",
      "   1.77368186e-01  7.82543078e-02]\n",
      " [-5.47646063e-05 -1.03097395e-01  2.62320854e-01  6.46755788e-01\n",
      "   6.50634478e-01 -2.80963380e-01]\n",
      " [ 2.92533440e-06 -4.37718429e-02  1.43450990e-01  7.16926773e-02\n",
      "   2.73124329e-01  9.47506781e-01]]\n",
      "ritzRoots: [1.08916656 1.37784329 1.74472992 2.01995551 2.7238006  4.56263355]\n",
      "Norm of residual:  1.9005500874269394e-07\n"
     ]
    }
   ],
   "source": [
    "#HeH+ AUG-CC-PVTZ\n",
    "cisHeH=np.loadtxt('HeHaugccpvtz.txt')\n",
    "print(cisHeH)\n",
    "finalCisHeH=np.zeros((45,45)) #dimension of HeH+ CIS matrix; defines i and j index as well\n",
    "\n",
    "counter=0\n",
    "for i in range(45):\n",
    "    for j in range(45):\n",
    "        #print('i,j:',i,j)\n",
    "        finalCisHeH[i,j]=cisHeH[counter]\n",
    "        #finalCisHeH[j,i]=finalCisHeH[i,j]\n",
    "        counter=counter+1\n",
    "        \n",
    "print('finalCISheH',finalCisHeH)\n",
    "guessRoots,guessVecs=LA.eig(finalCisHeH)\n",
    "print('HeH+ CIS roots:',np.sort(guessRoots))\n",
    "print('HeH+ correct lowest root: ',np.sort(guessRoots)[0])\n",
    "\n",
    "finalEps=runVariationalAlgo(finalCisHeH,45,2)"
   ]
  },
  {
   "cell_type": "code",
   "execution_count": null,
   "id": "3c2ae2b3",
   "metadata": {},
   "outputs": [],
   "source": [
    "print('HeH aug-cc-pvtz basis: ',finalEps)\n",
    "0.023142729774758113\n"
   ]
  },
  {
   "cell_type": "code",
   "execution_count": null,
   "id": "65f9fc9f",
   "metadata": {},
   "outputs": [],
   "source": [
    "#HeH+\n",
    "cisHeH=np.loadtxt('cisHeH.txt')\n",
    "print(cisHeH)\n",
    "finalCisHeH=np.zeros((11,11)) #dimension of HeH+ CIS matrix; defines i and j index as well\n",
    "\n",
    "counter=0\n",
    "for i in range(11):\n",
    "    for j in range(i,11):\n",
    "        print('i,j:',i,j)\n",
    "        finalCisHeH[i,j]=cisHeH[counter]\n",
    "        finalCisHeH[j,i]=finalCisHeH[i,j]\n",
    "        counter=counter+1\n",
    "        \n",
    "print('finalCISheH',finalCisHeH)\n",
    "guessRoots,guessVecs=LA.eig(finalCisHeH)\n",
    "print('HeH+ CIS roots:',np.sort(guessRoots))\n",
    "\n",
    "tmp=runVariationalAlgo(finalCisHeH,11)"
   ]
  },
  {
   "cell_type": "code",
   "execution_count": null,
   "id": "9479f6d0",
   "metadata": {},
   "outputs": [],
   "source": [
    "print('CIS iterations for HeH+:',tmp)"
   ]
  },
  {
   "cell_type": "code",
   "execution_count": null,
   "id": "20e458f3",
   "metadata": {},
   "outputs": [],
   "source": [
    "# Water CIS\n",
    "# Water CIS\n",
    "water=np.loadtxt('waterCIS.txt')\n",
    "print(water)\n",
    "finalwater=np.zeros((100,100)) #dimension of HeH+ CIS matrix; defines i and j index as well\n",
    "\n",
    "counter=0\n",
    "for i in range(100):\n",
    "    for j in range(100):\n",
    "        #print('i,j:',i,j)\n",
    "        finalwater[i,j]=water[counter]\n",
    "        counter=counter+1\n",
    "        \n",
    "print('water',finalwater)\n",
    "guessRoots,guessVecs=LA.eig(finalwater)\n",
    "print('water CIS roots:',np.sort(guessRoots))\n",
    "eps=runVariationalAlgo(finalwater,100)\n",
    "print('Convergence Info: ',eps)\n",
    "0.37098005\n"
   ]
  },
  {
   "cell_type": "code",
   "execution_count": null,
   "id": "555d1a67",
   "metadata": {},
   "outputs": [],
   "source": [
    "#water dimer\n",
    "# Water DIMER CIS\n",
    "water=np.loadtxt('waterDimerCIS.txt')\n",
    "print(water)\n",
    "finalwater=np.zeros((400,400)) #dimension of HeH+ CIS matrix; defines i and j index as well\n",
    "\n",
    "counter=0\n",
    "for i in range(400):\n",
    "    for j in range(400):\n",
    "        #print('i,j:',i,j)\n",
    "        finalwater[i,j]=water[counter]\n",
    "        counter=counter+1\n",
    "        \n",
    "print('water',finalwater)\n",
    "guessRoots,guessVecs=LA.eig(finalwater)\n",
    "print('water CIS roots:',np.sort(guessRoots))\n",
    "eps=runVariationalAlgo(finalwater,400)"
   ]
  },
  {
   "cell_type": "code",
   "execution_count": null,
   "id": "e3eeb5a7",
   "metadata": {},
   "outputs": [],
   "source": [
    "print(eps)\n",
    "x=np.arange(1,len(eps)+1)\n",
    "print(x)\n",
    "plt.plot(x,eps,'o')\n",
    "plt.show()"
   ]
  },
  {
   "cell_type": "code",
   "execution_count": null,
   "id": "036c23cd",
   "metadata": {},
   "outputs": [],
   "source": [
    "error=[]\n",
    "for i in range(len(eps)):\n",
    "    tmp=abs(0.38009787-eps[i])\n",
    "    error.append(tmp)\n",
    "    \n",
    "print(error)\n",
    "print(np.log10(error))\n",
    "plt.plot(x,np.log10(error),'o')\n",
    "plt.xlabel('Iteration')\n",
    "plt.ylabel('Log10 Error')\n",
    "plt.show()"
   ]
  },
  {
   "cell_type": "code",
   "execution_count": null,
   "id": "f34b1b2e",
   "metadata": {},
   "outputs": [],
   "source": [
    "0.38009787-0.3800982243192757"
   ]
  },
  {
   "cell_type": "code",
   "execution_count": null,
   "id": "181cccec",
   "metadata": {},
   "outputs": [],
   "source": [
    "0.38009787-0.380098223875706"
   ]
  },
  {
   "cell_type": "code",
   "execution_count": null,
   "id": "fa1f5bdc",
   "metadata": {},
   "outputs": [],
   "source": [
    "0.38009822387570497-0.38009787"
   ]
  },
  {
   "cell_type": "code",
   "execution_count": null,
   "id": "6ec4ef28",
   "metadata": {},
   "outputs": [],
   "source": [
    "0.38009787-0.380099167857653"
   ]
  },
  {
   "cell_type": "code",
   "execution_count": null,
   "id": "6fabd395",
   "metadata": {},
   "outputs": [],
   "source": [
    "print(float(1.0))"
   ]
  },
  {
   "cell_type": "code",
   "execution_count": null,
   "id": "9556a10e",
   "metadata": {},
   "outputs": [],
   "source": [
    "print(repr(1.000))"
   ]
  },
  {
   "cell_type": "code",
   "execution_count": null,
   "id": "93adbe2a",
   "metadata": {},
   "outputs": [],
   "source": [
    "from decimal import Decimal \n",
    "print(Decimal(1.0))"
   ]
  },
  {
   "cell_type": "code",
   "execution_count": 3,
   "id": "dec43181",
   "metadata": {},
   "outputs": [
    {
     "name": "stdout",
     "output_type": "stream",
     "text": [
      "[ 2.04448155e+01  3.79777865e-04 -1.67875521e-02 ... -3.63677849e-03\n",
      " -2.40661852e-01  1.69260432e+01]\n",
      "water [[ 2.04448155e+01  3.79777865e-04 -1.67875521e-02 ... -7.66179680e-07\n",
      "   4.51121190e-08 -4.54503646e-08]\n",
      " [ 3.79777865e-04  2.04989511e+01 -7.04398924e-04 ... -2.76024691e-06\n",
      "   1.13849363e-05 -6.96382652e-06]\n",
      " [-1.67875521e-02 -7.04398924e-04  2.05319301e+01 ... -3.91912076e-07\n",
      "   2.44470410e-07 -1.55317560e-07]\n",
      " ...\n",
      " [-7.66179680e-07 -2.76024691e-06 -3.91912076e-07 ...  8.74147676e+00\n",
      "   1.14173178e-02 -3.63677849e-03]\n",
      " [ 4.51121190e-08  1.13849363e-05  2.44470410e-07 ...  1.14173178e-02\n",
      "   1.60616780e+01 -2.40661852e-01]\n",
      " [-4.54503646e-08 -6.96382652e-06 -1.55317560e-07 ... -3.63677849e-03\n",
      "  -2.40661852e-01  1.69260432e+01]]\n",
      "water CIS roots: [ 0.32209284  0.33606141  0.3809051  ... 35.6503957  36.83515592\n",
      " 37.22444782]\n",
      "(1740, 1) (1740, 1739)\n",
      "init Guess: 0.376090425577361\n",
      "*********************************\n",
      "*********************************\n",
      "***** Iteration:  0\n",
      "RHR: \n",
      " [[ 0.38609043 -0.03805532]\n",
      " [-0.03805532  0.38380736]]\n",
      "Roots from <R|H|R> via QR: [0.34687645 0.42302133]\n",
      "ritzRoots: [0.34687645 0.42302133]\n",
      "*********************************\n",
      "*********************************\n",
      "***** Iteration:  1\n",
      "extending guess for order:  1\n",
      "RHR: \n",
      " [[ 0.38609043  0.03805532 -0.02207017]\n",
      " [ 0.03805532  0.38380736  0.04582365]\n",
      " [-0.02207017  0.04582365  0.44704769]]\n",
      "Roots from <R|H|R> via QR: [0.32702996 0.41876281 0.4711527 ]\n",
      "ritzRoots: [0.32702996 0.41876281 0.4711527 ]\n",
      "*********************************\n",
      "*********************************\n",
      "***** Iteration:  2\n",
      "extending guess for order:  1\n",
      "extending guess for order:  2\n",
      "RHR: \n",
      " [[ 0.38609043 -0.03805532  0.02207017  0.03454061]\n",
      " [-0.03805532  0.38380736  0.04582365 -0.01730839]\n",
      " [ 0.02207017  0.04582365  0.44704769 -0.04029742]\n",
      " [ 0.03454061 -0.01730839 -0.04029742  0.46548766]]\n",
      "Roots from <R|H|R> via QR: [0.32247287 0.40232259 0.44126639 0.5163713 ]\n",
      "ritzRoots: [0.32247287 0.40232259 0.44126639 0.5163713 ]\n",
      "*********************************\n",
      "*********************************\n",
      "***** Iteration:  3\n",
      "extending guess for order:  1\n",
      "extending guess for order:  2\n",
      "extending guess for order:  3\n",
      "RHR: \n",
      " [[ 0.38609043  0.03805532 -0.02207017 -0.03454061 -0.00130708]\n",
      " [ 0.03805532  0.38380736  0.04582365 -0.01730839 -0.01966476]\n",
      " [-0.02207017  0.04582365  0.44704769 -0.04029742 -0.02203822]\n",
      " [-0.03454061 -0.01730839 -0.04029742  0.46548766  0.0263324 ]\n",
      " [-0.00130708 -0.01966476 -0.02203822  0.0263324   0.5273867 ]]\n",
      "Roots from <R|H|R> via QR: [0.32216937 0.402304   0.44104682 0.48319807 0.56110158]\n",
      "ritzRoots: [0.32216937 0.402304   0.44104682 0.48319807 0.56110158]\n",
      "*********************************\n",
      "*********************************\n",
      "***** Iteration:  4\n",
      "extending guess for order:  1\n",
      "extending guess for order:  2\n",
      "extending guess for order:  3\n",
      "extending guess for order:  4\n",
      "RHR: \n",
      " [[ 0.38609043 -0.03805532  0.02207017  0.03454061  0.00130708 -0.01374515]\n",
      " [-0.03805532  0.38380736  0.04582365 -0.01730839 -0.01966476  0.00481134]\n",
      " [ 0.02207017  0.04582365  0.44704769 -0.04029742 -0.02203822 -0.05234757]\n",
      " [ 0.03454061 -0.01730839 -0.04029742  0.46548766  0.0263324   0.06694135]\n",
      " [ 0.00130708 -0.01966476 -0.02203822  0.0263324   0.5273867   0.02254943]\n",
      " [-0.01374515  0.00481134 -0.05234757  0.06694135  0.02254943  0.55058778]]\n",
      "Roots from <R|H|R> via QR: [0.32210053 0.38680707 0.43908057 0.46299199 0.51816033 0.63126712]\n",
      "ritzRoots: [0.32210053 0.38680707 0.43908057 0.46299199 0.51816033 0.63126712]\n",
      "*********************************\n",
      "*********************************\n",
      "***** Iteration:  5\n",
      "extending guess for order:  1\n",
      "extending guess for order:  2\n",
      "extending guess for order:  3\n",
      "extending guess for order:  4\n",
      "extending guess for order:  5\n",
      "RHR: \n",
      " [[ 0.38609043  0.03805532 -0.02207017 -0.03454061 -0.00130708  0.01374515\n",
      "   0.00111713]\n",
      " [ 0.03805532  0.38380736  0.04582365 -0.01730839 -0.01966476  0.00481134\n",
      "  -0.00586161]\n",
      " [-0.02207017  0.04582365  0.44704769 -0.04029742 -0.02203822 -0.05234757\n",
      "  -0.0084146 ]\n",
      " [-0.03454061 -0.01730839 -0.04029742  0.46548766  0.0263324   0.06694135\n",
      "  -0.01476127]\n",
      " [-0.00130708 -0.01966476 -0.02203822  0.0263324   0.5273867   0.02254943\n",
      "  -0.02722591]\n",
      " [ 0.01374515  0.00481134 -0.05234757  0.06694135  0.02254943  0.55058778\n",
      "  -0.04733758]\n",
      " [ 0.00111713 -0.00586161 -0.0084146  -0.01476127 -0.02722591 -0.04733758\n",
      "   0.65941114]]\n",
      "Roots from <R|H|R> via QR: [0.32209356 0.38666485 0.43621998 0.46041834 0.5181549  0.5992442\n",
      " 0.69702294]\n",
      "ritzRoots: [0.32209356 0.38666485 0.43621998 0.46041834 0.5181549  0.5992442\n",
      " 0.69702294]\n",
      "*********************************\n",
      "*********************************\n",
      "***** Iteration:  6\n",
      "extending guess for order:  1\n",
      "extending guess for order:  2\n",
      "extending guess for order:  3\n",
      "extending guess for order:  4\n",
      "extending guess for order:  5\n",
      "extending guess for order:  6\n",
      "RHR: \n",
      " [[ 0.38609043 -0.03805532  0.02207017  0.03454061  0.00130708 -0.01374515\n",
      "  -0.00111713  0.00354084]\n",
      " [-0.03805532  0.38380736  0.04582365 -0.01730839 -0.01966476  0.00481134\n",
      "  -0.00586161  0.00888175]\n",
      " [ 0.02207017  0.04582365  0.44704769 -0.04029742 -0.02203822 -0.05234757\n",
      "  -0.0084146   0.02923828]\n",
      " [ 0.03454061 -0.01730839 -0.04029742  0.46548766  0.0263324   0.06694135\n",
      "  -0.01476127 -0.02055511]\n",
      " [ 0.00130708 -0.01966476 -0.02203822  0.0263324   0.5273867   0.02254943\n",
      "  -0.02722591 -0.01549041]\n",
      " [-0.01374515  0.00481134 -0.05234757  0.06694135  0.02254943  0.55058778\n",
      "  -0.04733758 -0.05151687]\n",
      " [-0.00111713 -0.00586161 -0.0084146  -0.01476127 -0.02722591 -0.04733758\n",
      "   0.65941114 -0.03587932]\n",
      " [ 0.00354084  0.00888175  0.02923828 -0.02055511 -0.01549041 -0.05151687\n",
      "  -0.03587932  0.60652666]]\n",
      "Roots from <R|H|R> via QR: [0.3220929  0.3865058  0.43616678 0.45930236 0.51528438 0.53371982\n",
      " 0.67490433 0.69836905]\n",
      "ritzRoots: [0.3220929  0.3865058  0.43616678 0.45930236 0.51528438 0.53371982\n",
      " 0.67490433 0.69836905]\n",
      "*********************************\n",
      "*********************************\n",
      "***** Iteration:  7\n",
      "extending guess for order:  1\n",
      "extending guess for order:  2\n",
      "extending guess for order:  3\n",
      "extending guess for order:  4\n",
      "extending guess for order:  5\n",
      "extending guess for order:  6\n",
      "extending guess for order:  7\n",
      "RHR: \n",
      " [[ 0.38609043  0.03805532 -0.02207017 -0.03454061 -0.00130708  0.01374515\n",
      "   0.00111713 -0.00354084 -0.0031069 ]\n",
      " [ 0.03805532  0.38380736  0.04582365 -0.01730839 -0.01966476  0.00481134\n",
      "  -0.00586161  0.00888175  0.01421246]\n",
      " [-0.02207017  0.04582365  0.44704769 -0.04029742 -0.02203822 -0.05234757\n",
      "  -0.0084146   0.02923828  0.01476716]\n",
      " [-0.03454061 -0.01730839 -0.04029742  0.46548766  0.0263324   0.06694135\n",
      "  -0.01476127 -0.02055511  0.01368722]\n",
      " [-0.00130708 -0.01966476 -0.02203822  0.0263324   0.5273867   0.02254943\n",
      "  -0.02722591 -0.01549041 -0.06320575]\n",
      " [ 0.01374515  0.00481134 -0.05234757  0.06694135  0.02254943  0.55058778\n",
      "  -0.04733758 -0.05151687  0.01202965]\n",
      " [ 0.00111713 -0.00586161 -0.0084146  -0.01476127 -0.02722591 -0.04733758\n",
      "   0.65941114 -0.03587932 -0.04088159]\n",
      " [-0.00354084  0.00888175  0.02923828 -0.02055511 -0.01549041 -0.05151687\n",
      "  -0.03587932  0.60652666 -0.05035804]\n",
      " [-0.0031069   0.01421246  0.01476716  0.01368722 -0.06320575  0.01202965\n",
      "  -0.04088159 -0.05035804  0.667481  ]]\n",
      "Roots from <R|H|R> via QR: [0.32209285 0.38606275 0.43499256 0.45377813 0.49170259 0.52030466\n",
      " 0.67196443 0.68146229 0.73146617]\n",
      "ritzRoots: [0.32209285 0.38606275 0.43499256 0.45377813 0.49170259 0.52030466\n",
      " 0.67196443 0.68146229 0.73146617]\n",
      "*********************************\n",
      "*********************************\n",
      "***** Iteration:  8\n",
      "extending guess for order:  1\n",
      "extending guess for order:  2\n",
      "extending guess for order:  3\n",
      "extending guess for order:  4\n",
      "extending guess for order:  5\n",
      "extending guess for order:  6\n",
      "extending guess for order:  7\n",
      "extending guess for order:  8\n",
      "RHR: \n",
      " [[ 3.86090426e-01 -3.80553213e-02  2.20701653e-02  3.45406142e-02\n",
      "   1.30708006e-03 -1.37451521e-02 -1.11713208e-03  3.54083922e-03\n",
      "   3.10689892e-03 -3.86480117e-03]\n",
      " [-3.80553213e-02  3.83807358e-01  4.58236503e-02 -1.73083888e-02\n",
      "  -1.96647628e-02  4.81133973e-03 -5.86160701e-03  8.88175007e-03\n",
      "   1.42124579e-02  4.85722168e-04]\n",
      " [ 2.20701653e-02  4.58236503e-02  4.47047692e-01 -4.02974213e-02\n",
      "  -2.20382218e-02 -5.23475722e-02 -8.41459534e-03  2.92382759e-02\n",
      "   1.47671630e-02 -2.38072501e-02]\n",
      " [ 3.45406142e-02 -1.73083888e-02 -4.02974213e-02  4.65487664e-01\n",
      "   2.63323954e-02  6.69413523e-02 -1.47612715e-02 -2.05551051e-02\n",
      "   1.36872157e-02  2.85771764e-02]\n",
      " [ 1.30708006e-03 -1.96647628e-02 -2.20382218e-02  2.63323954e-02\n",
      "   5.27386703e-01  2.25494349e-02 -2.72259106e-02 -1.54904085e-02\n",
      "  -6.32057455e-02 -4.97515306e-02]\n",
      " [-1.37451521e-02  4.81133973e-03 -5.23475722e-02  6.69413523e-02\n",
      "   2.25494349e-02  5.50587778e-01 -4.73375835e-02 -5.15168670e-02\n",
      "   1.20296511e-02  1.02671996e-02]\n",
      " [-1.11713208e-03 -5.86160701e-03 -8.41459534e-03 -1.47612715e-02\n",
      "  -2.72259106e-02 -4.73375835e-02  6.59411143e-01 -3.58793163e-02\n",
      "  -4.08815868e-02  5.99740278e-02]\n",
      " [ 3.54083922e-03  8.88175007e-03  2.92382759e-02 -2.05551051e-02\n",
      "  -1.54904085e-02 -5.15168670e-02 -3.58793163e-02  6.06526657e-01\n",
      "  -5.03580441e-02 -6.58236533e-02]\n",
      " [ 3.10689892e-03  1.42124579e-02  1.47671630e-02  1.36872157e-02\n",
      "  -6.32057455e-02  1.20296511e-02 -4.08815868e-02 -5.03580441e-02\n",
      "   6.67481003e-01 -4.54207125e-02]\n",
      " [-3.86480117e-03  4.85722168e-04 -2.38072501e-02  2.85771764e-02\n",
      "  -4.97515306e-02  1.02671996e-02  5.99740278e-02 -6.58236533e-02\n",
      "  -4.54207125e-02  5.80594088e-01]]\n",
      "Roots from <R|H|R> via QR: [0.32209284 0.38219263 0.43022834 0.43570598 0.47576836 0.51920115\n",
      " 0.56068072 0.6777932  0.72112402 0.74963327]\n",
      "ritzRoots: [0.32209284 0.38219263 0.43022834 0.43570598 0.47576836 0.51920115\n",
      " 0.56068072 0.6777932  0.72112402 0.74963327]\n",
      "*********************************\n",
      "*********************************\n",
      "***** Iteration:  9\n"
     ]
    },
    {
     "name": "stdout",
     "output_type": "stream",
     "text": [
      "extending guess for order:  1\n",
      "extending guess for order:  2\n",
      "extending guess for order:  3\n",
      "extending guess for order:  4\n",
      "extending guess for order:  5\n",
      "extending guess for order:  6\n",
      "extending guess for order:  7\n",
