{
 "cells": [
  {
   "cell_type": "code",
   "execution_count": 1,
   "id": "eeb030a1",
   "metadata": {},
   "outputs": [],
   "source": [
    "import numpy as np\n",
    "from numpy.linalg import inv\n",
    "from numpy import linalg as LA\n",
    "import matplotlib.pyplot as plt"
   ]
  },
  {
   "cell_type": "code",
   "execution_count": 17,
   "id": "3db96535",
   "metadata": {},
   "outputs": [],
   "source": [
    "def createModelMatrix(matrixDim,sparsity):\n",
    "    #matrixDim=10\n",
    "    #sparsity = 0.01\n",
    "    Amat = np.zeros((matrixDim,matrixDim))\n",
    "    for i in range(0,matrixDim):\n",
    "        Amat[i,i] = i + 1\n",
    "    Amat = Amat + sparsity*np.random.randint(20,size=(matrixDim,matrixDim)) \n",
    "    print(\"Amat: \\n\",Amat)\n",
    "    u,v=LA.eig(Amat)\n",
    "    print('Correct roots: ',np.sort(u))\n",
    "    return Amat\n",
    "\n",
    "def defineAllVariables(Amat,matrixDim): #defines single vector p,q,eps,H0,V from a given matrix and its dimension\n",
    "    p=np.zeros((matrixDim,1))\n",
    "    q=np.zeros((matrixDim,matrixDim-1))\n",
    "    print(np.shape(p),np.shape(q))\n",
    "    diagMat=np.diag(Amat)\n",
    "    print('diagonal of Matrix: ',diagMat)\n",
    "    \n",
    "    newDiag=[]\n",
    "    for i in range(matrixDim):\n",
    "        for j in range(matrixDim):\n",
    "            if i==j:\n",
    "                newDiag.append(Amat[i,j])\n",
    "                \n",
    "    print('new diagonal of matrix: ',newDiag)\n",
    "    \n",
    "    lowestElements=np.argsort(diagMat)\n",
    "    print('lowest element index:',lowestElements)\n",
    "    print('actual lowest element of Hbar:',diagMat[lowestElements[0]])\n",
    "\n",
    "    p[lowestElements[0],0]=1.0\n",
    "    print('p',p)\n",
    "    counter=0\n",
    "    for i in range(len(lowestElements)):\n",
    "        if i==lowestElements[0]:\n",
    "            continue\n",
    "        else:\n",
    "            q[lowestElements[i],counter]=1.0\n",
    "            counter=counter+1\n",
    "\n",
    "\n",
    "        \n",
    "        \n",
    "    H0=np.diag(np.diag(Amat))#np.matmul(np.matmul(projP,Amat),projP)\n",
    "    V=Amat-H0\n",
    "    print('V \\n',V)\n",
    "    #print('original Guess:',diagMat[0])\n",
    "    guessEps=diagMat[lowestElements[0]] #+0.01\n",
    "    eps=guessEps\n",
    "    print('init Guess:',eps)\n",
    "    \n",
    "    return p,q,H0,V,eps\n",
    "\n",
    "def createT0_projQ(q,qDim,H0Dim,eps,H0): #qDim>0\n",
    "    print('q',q,eps,qDim)\n",
    "    epsMat=np.zeros((H0Dim,H0Dim))\n",
    "    denom=np.zeros((H0Dim,H0Dim))\n",
    "    np.fill_diagonal(epsMat,eps)\n",
    "    \n",
    "    sumMatrix=np.zeros((H0Dim,H0Dim))\n",
    "    for i in range(qDim):\n",
    "        Q=np.outer(q[:,i],q[:,i])\n",
    "        #print('Q outer:',Q)\n",
    "        QH0Q=np.matmul(np.matmul(Q,H0),Q)\n",
    "        denom=epsMat-QH0Q\n",
    "        for x in range(H0Dim):\n",
    "            if (abs(denom[x,x]) < 0.0001):\n",
    "                if (denom[x,x]< 0.00000000000000001):\n",
    "                    factor=-1.0\n",
    "                    denom[x,x]=factor*0.0001\n",
    "                else:\n",
    "                    factor=1.0\n",
    "                    denom[x,x]=factor*0.0001\n",
    "            denom[x,x]=1.0/denom[x,x]\n",
    "                \n",
    "        #denom=inv(denom)\n",
    "        sumMatrix=sumMatrix+np.matmul(np.matmul(Q,denom),Q) #q[:,i],denom),q[:,i].T)\n",
    "    print('T0 value is: ',sumMatrix)\n",
    "    return sumMatrix\n",
    "\n",
    "\n",
    "def extendPSpace(T0,V,p,order):\n",
    "    T0V=np.matmul(T0,V)\n",
    "    tmp=T0V\n",
    "    \n",
    "    for i in range(1,order+1):\n",
    "        print('extending guess for order: ',i)\n",
    "        tmp=np.matmul(tmp,T0V)\n",
    "        \n",
    "    correctionVec=np.matmul(tmp,p)\n",
    "    print('Correction vector: \\n',correctionVec)\n",
    "    return correctionVec\n",
    "\n",
    "def computeRHR(fullSpace,H,HDim,order):\n",
    "    overlap=fullSpace[:,:order+1].T @ fullSpace[:,:order+1]\n",
    "    print('overlap',overlap)\n",
    "    s,u=LA.eig(overlap)\n",
    "    print('little s:',s)\n",
    "    sDiag=np.zeros((order+1,order+1))#\n",
    "    np.fill_diagonal(sDiag,s)\n",
    "    for i in range(order+1):\n",
    "        sDiag[i,i]=1.0/np.sqrt(sDiag[i,i])\n",
    "    print('sdiag:',sDiag)\n",
    "        \n",
    "    X=u.T @ sDiag\n",
    "    X=X @ u\n",
    "    RHR=(fullSpace[:,:order+1].T @ H) @ fullSpace[:,:order+1]\n",
    "    Hprime=X.T @ RHR\n",
    "    Hprime=Hprime @ X\n",
    "    try:\n",
    "        roots,vecs=LA.eig(Hprime)\n",
    "        indx=roots.argsort()\n",
    "        theta=roots[indx]\n",
    "        vecs=vecs[:,indx] # these are C' ; must convert back to C, ie XC'=C\n",
    "        transformedVecs=X@vecs # this is the back transform step\n",
    "        usableRoots=[ elem for elem in theta if elem > 0.15 ]\n",
    "        usableIndx=[x for x in range(len(theta)) if theta[x] > 0.15]\n",
    "        print('Usable roots from <R|H|R>: ',usableRoots)\n",
    "        print('Usable vecs from <R|H|R>: ',transformedVecs[:,usableIndx])\n",
    "    except np.linalg.LinAlgError as err:\n",
    "        print('inf or NaN inside the code performing delta^(-1/2)Hdelta^(-1/2) diagonalization!!')\n",
    "        print(\"Formal error message: \")\n",
    "        print(err)\n",
    "    \n",
    "    \n",
    "    ## test orthogonalizing fullspace\n",
    "    qq,r=LA.qr(fullSpace[:,:order+1])\n",
    "    RHR=(qq.T @ H) @ qq\n",
    "    print('RHR: \\n',RHR)\n",
    "    roots,vecs=LA.eig(RHR)\n",
    "    print('Roots from <R|H|R> via QR:',np.sort(roots))\n",
    "    indx=roots.argsort()\n",
    "    theta=roots[indx]\n",
    "    vecs=vecs[:,indx]\n",
    "    print('C_i vecs: ',vecs)\n",
    "    usableRoots=[ elem for elem in theta if elem > 0.15 ]\n",
    "    usableIndx=[x for x in range(len(theta)) if theta[x] > 0.15]\n",
    "    print('C_i vecs: ',vecs[:,usableIndx])\n",
    "    return usableRoots,vecs[:,usableIndx]#usableRoots,transformedVecs[:,usableIndx]   \n",
    "        \n",
    "        \n",
    "def runVariationalAlgo(H,Hdim):\n",
    "    p,q,H0,V,eps=defineAllVariables(H,Hdim)\n",
    "    print('H0:',H0)\n",
    "    fullSpace=np.zeros((Hdim,Hdim))\n",
    "    print('shape of FS and p',np.shape(fullSpace[:,0]),np.shape(p))\n",
    "    fullSpace[:,[0]]=p\n",
    "    order=0\n",
    "    qDim=Hdim-1\n",
    "    Hbkup=H\n",
    "    print('initial guess H0: ',eps)\n",
    "    finalEps=[]\n",
    "    for i in range(20):\n",
    "        print('*********************************')\n",
    "        print('*********************************')\n",
    "        print('***** Iteration: ',i)\n",
    "        T0=createT0_projQ(q,qDim,Hdim,eps,H0)\n",
    "        pertVec=extendPSpace(T0,V,p,order) # first order correction\n",
    "        order=order+1\n",
    "        fullSpace[:,[order]]=pertVec\n",
    "        \n",
    "        ## try orthogonalizing fullSpace\n",
    "        qq,r=LA.qr(fullSpace[:,:order+1])\n",
    "        fullSpace[:,:order+1]=qq\n",
    "        ##\n",
    "        ritzRoots,ritzVecs=computeRHR(fullSpace,H,Hdim,order)\n",
    "        print('ritzVecs:',ritzVecs)\n",
    "        print('ritzRoots:',np.sort(ritzRoots))\n",
    "        eps=np.sort(ritzRoots)[0]\n",
    "        finalEps.append(eps)\n",
    "        \n",
    "    return finalEps\n",
    "       \n",
    "\n"
   ]
  },
  {
   "cell_type": "code",
   "execution_count": 6,
   "id": "1b05b308",
   "metadata": {},
   "outputs": [
    {
     "name": "stdout",
     "output_type": "stream",
     "text": [
      "[ 8.28692379e-01  5.54853946e-02  9.41294716e-03  0.00000000e+00\n",
      "  0.00000000e+00  1.00346189e-02  0.00000000e+00  0.00000000e+00\n",
      "  1.02642480e-02  4.58917500e-03  4.92319800e-02  1.20240609e+00\n",
      " -4.05652551e-02  0.00000000e+00  0.00000000e+00 -3.36256815e-02\n",
      "  0.00000000e+00  0.00000000e+00 -4.23616784e-02 -2.23130733e-02\n",
      "  9.31659731e-04  1.63686245e+00  0.00000000e+00  0.00000000e+00\n",
      " -2.91054360e-03  0.00000000e+00  0.00000000e+00  7.95477687e-03\n",
      "  1.80429220e-02  2.29463146e-03  1.78808803e+00  0.00000000e+00\n",
      "  0.00000000e+00 -2.38849123e-03  3.78608309e-02  0.00000000e+00\n",
      "  0.00000000e+00  0.00000000e+00  1.78808803e+00  0.00000000e+00\n",
      " -3.78608309e-02 -2.38849123e-03  0.00000000e+00  0.00000000e+00\n",
      "  0.00000000e+00  2.12464069e+00  0.00000000e+00  0.00000000e+00\n",
      "  3.86410672e-02  4.88817502e-02  8.70826803e-03  2.36104099e+00\n",
      "  0.00000000e+00  0.00000000e+00  0.00000000e+00  0.00000000e+00\n",
      "  2.36104099e+00  0.00000000e+00  0.00000000e+00  0.00000000e+00\n",
      "  3.01429477e+00 -2.22908540e-02 -1.55277082e-02  3.21425966e+00\n",
      "  3.27965591e-04  6.83213172e+00]\n",
      "i,j: 0 0\n",
      "i,j: 0 1\n",
      "i,j: 0 2\n",
      "i,j: 0 3\n",
      "i,j: 0 4\n",
      "i,j: 0 5\n",
      "i,j: 0 6\n",
      "i,j: 0 7\n",
      "i,j: 0 8\n",
      "i,j: 0 9\n",
      "i,j: 0 10\n",
      "i,j: 1 1\n",
      "i,j: 1 2\n",
      "i,j: 1 3\n",
      "i,j: 1 4\n",
      "i,j: 1 5\n",
      "i,j: 1 6\n",
      "i,j: 1 7\n",
      "i,j: 1 8\n",
      "i,j: 1 9\n",
      "i,j: 1 10\n",
      "i,j: 2 2\n",
      "i,j: 2 3\n",
      "i,j: 2 4\n",
      "i,j: 2 5\n",
      "i,j: 2 6\n",
      "i,j: 2 7\n",
      "i,j: 2 8\n",
      "i,j: 2 9\n",
      "i,j: 2 10\n",
      "i,j: 3 3\n",
      "i,j: 3 4\n",
      "i,j: 3 5\n",
      "i,j: 3 6\n",
      "i,j: 3 7\n",
      "i,j: 3 8\n",
      "i,j: 3 9\n",
      "i,j: 3 10\n",
      "i,j: 4 4\n",
      "i,j: 4 5\n",
      "i,j: 4 6\n",
      "i,j: 4 7\n",
      "i,j: 4 8\n",
      "i,j: 4 9\n",
      "i,j: 4 10\n",
      "i,j: 5 5\n",
      "i,j: 5 6\n",
      "i,j: 5 7\n",
      "i,j: 5 8\n",
      "i,j: 5 9\n",
      "i,j: 5 10\n",
      "i,j: 6 6\n",
      "i,j: 6 7\n",
      "i,j: 6 8\n",
      "i,j: 6 9\n",
      "i,j: 6 10\n",
      "i,j: 7 7\n",
      "i,j: 7 8\n",
      "i,j: 7 9\n",
      "i,j: 7 10\n",
      "i,j: 8 8\n",
      "i,j: 8 9\n",
      "i,j: 8 10\n",
      "i,j: 9 9\n",
      "i,j: 9 10\n",
      "i,j: 10 10\n",
      "finalCISheH [[ 8.28692379e-01  5.54853946e-02  9.41294716e-03  0.00000000e+00\n",
      "   0.00000000e+00  1.00346189e-02  0.00000000e+00  0.00000000e+00\n",
      "   1.02642480e-02  4.58917500e-03  4.92319800e-02]\n",
      " [ 5.54853946e-02  1.20240609e+00 -4.05652551e-02  0.00000000e+00\n",
      "   0.00000000e+00 -3.36256815e-02  0.00000000e+00  0.00000000e+00\n",
      "  -4.23616784e-02 -2.23130733e-02  9.31659731e-04]\n",
      " [ 9.41294716e-03 -4.05652551e-02  1.63686245e+00  0.00000000e+00\n",
      "   0.00000000e+00 -2.91054360e-03  0.00000000e+00  0.00000000e+00\n",
      "   7.95477687e-03  1.80429220e-02  2.29463146e-03]\n",
      " [ 0.00000000e+00  0.00000000e+00  0.00000000e+00  1.78808803e+00\n",
      "   0.00000000e+00  0.00000000e+00 -2.38849123e-03  3.78608309e-02\n",
      "   0.00000000e+00  0.00000000e+00  0.00000000e+00]\n",
      " [ 0.00000000e+00  0.00000000e+00  0.00000000e+00  0.00000000e+00\n",
      "   1.78808803e+00  0.00000000e+00 -3.78608309e-02 -2.38849123e-03\n",
      "   0.00000000e+00  0.00000000e+00  0.00000000e+00]\n",
      " [ 1.00346189e-02 -3.36256815e-02 -2.91054360e-03  0.00000000e+00\n",
      "   0.00000000e+00  2.12464069e+00  0.00000000e+00  0.00000000e+00\n",
      "   3.86410672e-02  4.88817502e-02  8.70826803e-03]\n",
      " [ 0.00000000e+00  0.00000000e+00  0.00000000e+00 -2.38849123e-03\n",
      "  -3.78608309e-02  0.00000000e+00  2.36104099e+00  0.00000000e+00\n",
      "   0.00000000e+00  0.00000000e+00  0.00000000e+00]\n",
      " [ 0.00000000e+00  0.00000000e+00  0.00000000e+00  3.78608309e-02\n",
      "  -2.38849123e-03  0.00000000e+00  0.00000000e+00  2.36104099e+00\n",
      "   0.00000000e+00  0.00000000e+00  0.00000000e+00]\n",
      " [ 1.02642480e-02 -4.23616784e-02  7.95477687e-03  0.00000000e+00\n",
      "   0.00000000e+00  3.86410672e-02  0.00000000e+00  0.00000000e+00\n",
      "   3.01429477e+00 -2.22908540e-02 -1.55277082e-02]\n",
      " [ 4.58917500e-03 -2.23130733e-02  1.80429220e-02  0.00000000e+00\n",
      "   0.00000000e+00  4.88817502e-02  0.00000000e+00  0.00000000e+00\n",
      "  -2.22908540e-02  3.21425966e+00  3.27965591e-04]\n",
      " [ 4.92319800e-02  9.31659731e-04  2.29463146e-03  0.00000000e+00\n",
      "   0.00000000e+00  8.70826803e-03  0.00000000e+00  0.00000000e+00\n",
      "  -1.55277082e-02  3.27965591e-04  6.83213172e+00]]\n",
      "HeH+ CIS roots: [0.81964986 1.20487995 1.64027625 1.78558713 1.78558713 2.12175551\n",
      " 2.36354188 2.36354188 3.0152011  3.21890985 6.83261524]\n",
      "(11, 1) (11, 10)\n",
      "diagonal of Matrix:  [0.82869238 1.20240609 1.63686245 1.78808803 1.78808803 2.12464069\n",
      " 2.36104099 2.36104099 3.01429477 3.21425966 6.83213172]\n",
      "lowest element index: [ 0  1  2  3  4  5  6  7  8  9 10]\n",
      "actual lowest element of Hbar: 0.82869237914413\n",
      "p [[1.]\n",
      " [0.]\n",
      " [0.]\n",
      " [0.]\n",
      " [0.]\n",
      " [0.]\n",
      " [0.]\n",
      " [0.]\n",
      " [0.]\n",
      " [0.]\n",
      " [0.]]\n",
      "V \n",
      " [[ 0.          0.05548539  0.00941295  0.          0.          0.01003462\n",
      "   0.          0.          0.01026425  0.00458917  0.04923198]\n",
      " [ 0.05548539  0.         -0.04056526  0.          0.         -0.03362568\n",
      "   0.          0.         -0.04236168 -0.02231307  0.00093166]\n",
      " [ 0.00941295 -0.04056526  0.          0.          0.         -0.00291054\n",
      "   0.          0.          0.00795478  0.01804292  0.00229463]\n",
      " [ 0.          0.          0.          0.          0.          0.\n",
      "  -0.00238849  0.03786083  0.          0.          0.        ]\n",
      " [ 0.          0.          0.          0.          0.          0.\n",
      "  -0.03786083 -0.00238849  0.          0.          0.        ]\n",
      " [ 0.01003462 -0.03362568 -0.00291054  0.          0.          0.\n",
      "   0.          0.          0.03864107  0.04888175  0.00870827]\n",
      " [ 0.          0.          0.         -0.00238849 -0.03786083  0.\n",
      "   0.          0.          0.          0.          0.        ]\n",
      " [ 0.          0.          0.          0.03786083 -0.00238849  0.\n",
      "   0.          0.          0.          0.          0.        ]\n",
      " [ 0.01026425 -0.04236168  0.00795478  0.          0.          0.03864107\n",
      "   0.          0.          0.         -0.02229085 -0.01552771]\n",
      " [ 0.00458917 -0.02231307  0.01804292  0.          0.          0.04888175\n",
      "   0.          0.         -0.02229085  0.          0.00032797]\n",
      " [ 0.04923198  0.00093166  0.00229463  0.          0.          0.00870827\n",
      "   0.          0.         -0.01552771  0.00032797  0.        ]]\n",
      "init Guess: 0.82869237914413\n",
      "H0: [[0.82869238 0.         0.         0.         0.         0.\n",
      "  0.         0.         0.         0.         0.        ]\n",
      " [0.         1.20240609 0.         0.         0.         0.\n",
      "  0.         0.         0.         0.         0.        ]\n",
      " [0.         0.         1.63686245 0.         0.         0.\n",
      "  0.         0.         0.         0.         0.        ]\n",
      " [0.         0.         0.         1.78808803 0.         0.\n",
      "  0.         0.         0.         0.         0.        ]\n",
      " [0.         0.         0.         0.         1.78808803 0.\n",
      "  0.         0.         0.         0.         0.        ]\n",
      " [0.         0.         0.         0.         0.         2.12464069\n",
      "  0.         0.         0.         0.         0.        ]\n",
      " [0.         0.         0.         0.         0.         0.\n",
      "  2.36104099 0.         0.         0.         0.        ]\n",
      " [0.         0.         0.         0.         0.         0.\n",
      "  0.         2.36104099 0.         0.         0.        ]\n",
      " [0.         0.         0.         0.         0.         0.\n",
      "  0.         0.         3.01429477 0.         0.        ]\n",
      " [0.         0.         0.         0.         0.         0.\n",
      "  0.         0.         0.         3.21425966 0.        ]\n",
      " [0.         0.         0.         0.         0.         0.\n",
      "  0.         0.         0.         0.         6.83213172]]\n",
      "shape of FS and p (11,) (11, 1)\n",
      "initial guess H0:  0.82869237914413\n",
      "*********************************\n",
      "*********************************\n",
      "***** Iteration:  0\n",
      "q [[0. 0. 0. 0. 0. 0. 0. 0. 0. 0.]\n",
      " [1. 0. 0. 0. 0. 0. 0. 0. 0. 0.]\n",
      " [0. 1. 0. 0. 0. 0. 0. 0. 0. 0.]\n",
      " [0. 0. 1. 0. 0. 0. 0. 0. 0. 0.]\n",
      " [0. 0. 0. 1. 0. 0. 0. 0. 0. 0.]\n",
      " [0. 0. 0. 0. 1. 0. 0. 0. 0. 0.]\n",
      " [0. 0. 0. 0. 0. 1. 0. 0. 0. 0.]\n",
      " [0. 0. 0. 0. 0. 0. 1. 0. 0. 0.]\n",
      " [0. 0. 0. 0. 0. 0. 0. 1. 0. 0.]\n",
      " [0. 0. 0. 0. 0. 0. 0. 0. 1. 0.]\n",
      " [0. 0. 0. 0. 0. 0. 0. 0. 0. 1.]] 0.82869237914413 10\n",
      "T0 value is:  [[ 0.          0.          0.          0.          0.          0.\n",
      "   0.          0.          0.          0.          0.        ]\n",
      " [ 0.         -2.67584507  0.          0.          0.          0.\n",
      "   0.          0.          0.          0.          0.        ]\n",
      " [ 0.          0.         -1.23736332  0.          0.          0.\n",
      "   0.          0.          0.          0.          0.        ]\n",
      " [ 0.          0.          0.         -1.04232285  0.          0.\n",
      "   0.          0.          0.          0.          0.        ]\n",
      " [ 0.          0.          0.          0.         -1.04232285  0.\n",
      "   0.          0.          0.          0.          0.        ]\n",
      " [ 0.          0.          0.          0.          0.         -0.77163571\n",
      "   0.          0.          0.          0.          0.        ]\n",
      " [ 0.          0.          0.          0.          0.          0.\n",
      "  -0.65259302  0.          0.          0.          0.        ]\n",
      " [ 0.          0.          0.          0.          0.          0.\n",
      "   0.         -0.65259302  0.          0.          0.        ]\n",
      " [ 0.          0.          0.          0.          0.          0.\n",
      "   0.          0.         -0.45753976  0.          0.        ]\n",
      " [ 0.          0.          0.          0.          0.          0.\n",
      "   0.          0.          0.         -0.41918751  0.        ]\n",
      " [ 0.          0.          0.          0.          0.          0.\n",
      "   0.          0.          0.          0.         -0.16657118]]\n",
      "Correction vector: \n",
      " [[ 0.        ]\n",
      " [-0.14847032]\n",
      " [-0.01164724]\n",
      " [ 0.        ]\n",
      " [ 0.        ]\n",
      " [-0.00774307]\n",
      " [ 0.        ]\n",
      " [ 0.        ]\n",
      " [-0.0046963 ]\n",
      " [-0.00192372]\n",
      " [-0.00820063]]\n",
      "overlap [[1. 0.]\n",
      " [0. 1.]]\n",
      "little s: [1. 1.]\n",
      "sdiag: [[1. 0.]\n",
      " [0. 1.]]\n",
      "Usable roots from <R|H|R>:  [0.8197240864951993, 1.2229475638096174]\n",
      "Usable vecs from <R|H|R>:  [[-0.98881672  0.14913582]\n",
      " [-0.14913582 -0.98881672]]\n",
      "RHR: \n",
      " [[ 0.82869238 -0.05946256]\n",
      " [-0.05946256  1.21397927]]\n",
      "Roots from <R|H|R> via QR: [0.81972409 1.22294756]\n",
      "C_i vecs:  [[-0.98881672  0.14913582]\n",
      " [-0.14913582 -0.98881672]]\n",
      "C_i vecs:  [[-0.98881672  0.14913582]\n",
      " [-0.14913582 -0.98881672]]\n",
      "ritzVecs: [[-0.98881672  0.14913582]\n",
      " [-0.14913582 -0.98881672]]\n",
      "ritzRoots: [0.81972409 1.22294756]\n",
      "*********************************\n",
      "*********************************\n",
      "***** Iteration:  1\n",
      "q [[0. 0. 0. 0. 0. 0. 0. 0. 0. 0.]\n",
      " [1. 0. 0. 0. 0. 0. 0. 0. 0. 0.]\n",
      " [0. 1. 0. 0. 0. 0. 0. 0. 0. 0.]\n",
      " [0. 0. 1. 0. 0. 0. 0. 0. 0. 0.]\n",
      " [0. 0. 0. 1. 0. 0. 0. 0. 0. 0.]\n",
      " [0. 0. 0. 0. 1. 0. 0. 0. 0. 0.]\n",
      " [0. 0. 0. 0. 0. 1. 0. 0. 0. 0.]\n",
      " [0. 0. 0. 0. 0. 0. 1. 0. 0. 0.]\n",
      " [0. 0. 0. 0. 0. 0. 0. 1. 0. 0.]\n",
      " [0. 0. 0. 0. 0. 0. 0. 0. 1. 0.]\n",
      " [0. 0. 0. 0. 0. 0. 0. 0. 0. 1.]] 0.8197240864951993 10\n",
      "T0 value is:  [[ 0.          0.          0.          0.          0.          0.\n",
      "   0.          0.          0.          0.          0.        ]\n",
      " [ 0.         -2.61313567  0.          0.          0.          0.\n",
      "   0.          0.          0.          0.          0.        ]\n",
      " [ 0.          0.         -1.22378296  0.          0.          0.\n",
      "   0.          0.          0.          0.          0.        ]\n",
      " [ 0.          0.          0.         -1.0326696   0.          0.\n",
      "   0.          0.          0.          0.          0.        ]\n",
      " [ 0.          0.          0.          0.         -1.0326696   0.\n",
      "   0.          0.          0.          0.          0.        ]\n",
      " [ 0.          0.          0.          0.          0.         -0.7663325\n",
      "   0.          0.          0.          0.          0.        ]\n",
      " [ 0.          0.          0.          0.          0.          0.\n",
      "  -0.64879584  0.          0.          0.          0.        ]\n",
      " [ 0.          0.          0.          0.          0.          0.\n",
      "   0.         -0.64879584  0.          0.          0.        ]\n",
      " [ 0.          0.          0.          0.          0.          0.\n",
      "   0.          0.         -0.45566999  0.          0.        ]\n",
      " [ 0.          0.          0.          0.          0.          0.\n",
      "   0.          0.          0.         -0.41761752  0.        ]\n",
      " [ 0.          0.          0.          0.          0.          0.\n",
      "   0.          0.          0.          0.         -0.16632272]]\n",
      "extending guess for order:  1\n",
      "Correction vector: \n",
      " [[ 0.00000000e+00]\n",
      " [-2.50633431e-03]\n",
      " [-7.11433825e-03]\n",
      " [ 0.00000000e+00]\n",
      " [ 0.00000000e+00]\n",
      " [-3.49694854e-03]\n",
      " [ 0.00000000e+00]\n",
      " [ 0.00000000e+00]\n",
      " [-2.69899977e-03]\n",
      " [-1.14971178e-03]\n",
      " [ 2.60268459e-05]]\n",
      "overlap [[1.0000000e+00 0.0000000e+00 0.0000000e+00]\n",
      " [0.0000000e+00 1.0000000e+00 1.1232016e-17]\n",
      " [0.0000000e+00 1.1232016e-17 1.0000000e+00]]\n",
      "little s: [1. 1. 1.]\n",
      "sdiag: [[1. 0. 0.]\n",
      " [0. 1. 0.]\n",
      " [0. 0. 1.]]\n",
      "Usable roots from <R|H|R>:  [0.8026263224242698, 1.2472824196732217, 1.9174261366609973]\n",
      "Usable vecs from <R|H|R>:  [[-0.95937023 -0.28314368 -0.00881504]\n",
      " [-0.23432855  0.97248242  0.00271369]\n",
      " [-0.0078091  -0.00467204  0.99995859]]\n",
      "RHR: \n",
      " [[ 8.28692379e-01 -5.94625586e-02 -9.20523897e-03]\n",
      " [-5.94625586e-02  1.21397927e+00  5.38975983e-04]\n",
      " [-9.20523897e-03  5.38975983e-04  1.91734353e+00]]\n",
      "Roots from <R|H|R> via QR: [0.81964994 1.22294233 1.91742291]\n",
      "C_i vecs:  [[-0.98878911 -0.14907456 -0.00853596]\n",
      " [-0.14909238  0.98882215  0.00148772]\n",
      " [-0.00821876 -0.00274369  0.99996246]]\n",
      "C_i vecs:  [[-0.98878911 -0.14907456 -0.00853596]\n",
      " [-0.14909238  0.98882215  0.00148772]\n",
      " [-0.00821876 -0.00274369  0.99996246]]\n",
      "ritzVecs: [[-0.98878911 -0.14907456 -0.00853596]\n",
      " [-0.14909238  0.98882215  0.00148772]\n",
      " [-0.00821876 -0.00274369  0.99996246]]\n",
      "ritzRoots: [0.81964994 1.22294233 1.91742291]\n",
      "*********************************\n",
      "*********************************\n",
      "***** Iteration:  2\n",
      "q [[0. 0. 0. 0. 0. 0. 0. 0. 0. 0.]\n",
      " [1. 0. 0. 0. 0. 0. 0. 0. 0. 0.]\n",
      " [0. 1. 0. 0. 0. 0. 0. 0. 0. 0.]\n",
      " [0. 0. 1. 0. 0. 0. 0. 0. 0. 0.]\n",
      " [0. 0. 0. 1. 0. 0. 0. 0. 0. 0.]\n",
      " [0. 0. 0. 0. 1. 0. 0. 0. 0. 0.]\n",
      " [0. 0. 0. 0. 0. 1. 0. 0. 0. 0.]\n",
      " [0. 0. 0. 0. 0. 0. 1. 0. 0. 0.]\n",
      " [0. 0. 0. 0. 0. 0. 0. 1. 0. 0.]\n",
      " [0. 0. 0. 0. 0. 0. 0. 0. 1. 0.]\n",
      " [0. 0. 0. 0. 0. 0. 0. 0. 0. 1.]] 0.8196499350261407 10\n",
      "T0 value is:  [[ 0.          0.          0.          0.          0.          0.\n",
      "   0.          0.          0.          0.          0.        ]\n",
      " [ 0.         -2.61262942  0.          0.          0.          0.\n",
      "   0.          0.          0.          0.          0.        ]\n",
      " [ 0.          0.         -1.22367192  0.          0.          0.\n",
      "   0.          0.          0.          0.          0.        ]\n",
      " [ 0.          0.          0.         -1.03259053  0.          0.\n",
      "   0.          0.          0.          0.          0.        ]\n",
      " [ 0.          0.          0.          0.         -1.03259053  0.\n",
      "   0.          0.          0.          0.          0.        ]\n",
      " [ 0.          0.          0.          0.          0.         -0.76628895\n",
      "   0.          0.          0.          0.          0.        ]\n",
      " [ 0.          0.          0.          0.          0.          0.\n",
      "  -0.64876463  0.          0.          0.          0.        ]\n",
      " [ 0.          0.          0.          0.          0.          0.\n",
      "   0.         -0.64876463  0.          0.          0.        ]\n",
      " [ 0.          0.          0.          0.          0.          0.\n",
      "   0.          0.         -0.45565459  0.          0.        ]\n",
      " [ 0.          0.          0.          0.          0.          0.\n",
      "   0.          0.          0.         -0.41760458  0.        ]\n",
      " [ 0.          0.          0.          0.          0.          0.\n",
      "   0.          0.          0.          0.         -0.16632067]]\n",
      "extending guess for order:  1\n",
      "extending guess for order:  2\n",
      "Correction vector: \n",
      " [[ 0.00000000e+00]\n",
      " [-1.42662110e-03]\n",
      " [-8.52587408e-05]\n",
      " [ 0.00000000e+00]\n",
      " [ 0.00000000e+00]\n",
      " [ 4.23542210e-05]\n",
      " [ 0.00000000e+00]\n",
      " [ 0.00000000e+00]\n",
      " [ 2.74780955e-05]\n",
      " [ 7.64850123e-05]\n",
      " [ 1.26009442e-06]]\n",
      "overlap [[ 1.00000000e+00  0.00000000e+00  0.00000000e+00  0.00000000e+00]\n",
      " [ 0.00000000e+00  1.00000000e+00 -9.11125698e-18 -9.26520239e-18]\n",
      " [ 0.00000000e+00 -9.11125698e-18  1.00000000e+00  5.75475238e-17]\n",
      " [ 0.00000000e+00 -9.26520239e-18  5.75475238e-17  1.00000000e+00]]\n",
      "little s: [1. 1. 1. 1.]\n",
      "sdiag: [[1. 0. 0. 0.]\n",
      " [0. 1. 0. 0.]\n",
      " [0. 0. 1. 0.]\n",
      " [0. 0. 0. 1.]]\n",
      "Usable roots from <R|H|R>:  [0.42870047779778525, 0.7634192098025228, 3.1383231403140965, 4.126722636291591]\n",
      "Usable vecs from <R|H|R>:  [[ 0.13874252 -0.92523363 -0.3099895   0.24316755]\n",
      " [ 0.48444237 -0.01215795  0.76986791 -0.63003316]\n",
      " [-0.26567383 -0.17432006  0.81991545 -0.66925186]\n",
      " [-0.00328899  0.00758192 -0.63198909 -0.77493322]]\n",
      "RHR: \n",
      " [[ 8.28692379e-01 -5.94625586e-02 -9.20523897e-03  2.99232826e-02]\n",
      " [-5.94625586e-02  1.21397927e+00  5.38975983e-04 -1.81938168e-01]\n",
      " [-9.20523897e-03  5.38975983e-04  1.91734353e+00 -2.75237288e-01]\n",
      " [ 2.99232826e-02 -1.81938168e-01 -2.75237288e-01  3.73171244e+00]]\n",
      "Roots from <R|H|R> via QR: [0.81964992 1.20898491 1.87752156 3.78557123]\n",
      "C_i vecs:  [[-9.88794189e-01 -1.48794276e-01 -2.43090008e-03  1.18493068e-02]\n",
      " [-1.49059707e-01  9.85598333e-01 -3.82137560e-02 -7.01201782e-02]\n",
      " [-8.20063594e-03  2.67554505e-02  9.88968292e-01 -1.45460002e-01]\n",
      " [ 7.25249336e-05  7.57650055e-02  1.43092684e-01  9.86805017e-01]]\n",
      "C_i vecs:  [[-9.88794189e-01 -1.48794276e-01 -2.43090008e-03  1.18493068e-02]\n",
      " [-1.49059707e-01  9.85598333e-01 -3.82137560e-02 -7.01201782e-02]\n",
      " [-8.20063594e-03  2.67554505e-02  9.88968292e-01 -1.45460002e-01]\n",
      " [ 7.25249336e-05  7.57650055e-02  1.43092684e-01  9.86805017e-01]]\n",
      "ritzVecs: [[-9.88794189e-01 -1.48794276e-01 -2.43090008e-03  1.18493068e-02]\n",
      " [-1.49059707e-01  9.85598333e-01 -3.82137560e-02 -7.01201782e-02]\n",
      " [-8.20063594e-03  2.67554505e-02  9.88968292e-01 -1.45460002e-01]\n",
      " [ 7.25249336e-05  7.57650055e-02  1.43092684e-01  9.86805017e-01]]\n",
      "ritzRoots: [0.81964992 1.20898491 1.87752156 3.78557123]\n",
      "*********************************\n",
      "*********************************\n",
      "***** Iteration:  3\n",
      "q [[0. 0. 0. 0. 0. 0. 0. 0. 0. 0.]\n",
      " [1. 0. 0. 0. 0. 0. 0. 0. 0. 0.]\n",
      " [0. 1. 0. 0. 0. 0. 0. 0. 0. 0.]\n",
      " [0. 0. 1. 0. 0. 0. 0. 0. 0. 0.]\n",
      " [0. 0. 0. 1. 0. 0. 0. 0. 0. 0.]\n",
      " [0. 0. 0. 0. 1. 0. 0. 0. 0. 0.]\n",
      " [0. 0. 0. 0. 0. 1. 0. 0. 0. 0.]\n",
      " [0. 0. 0. 0. 0. 0. 1. 0. 0. 0.]\n",
      " [0. 0. 0. 0. 0. 0. 0. 1. 0. 0.]\n",
      " [0. 0. 0. 0. 0. 0. 0. 0. 1. 0.]\n",
      " [0. 0. 0. 0. 0. 0. 0. 0. 0. 1.]] 0.8196499205131096 10\n",
      "T0 value is:  [[ 0.          0.          0.          0.          0.          0.\n",
      "   0.          0.          0.          0.          0.        ]\n",
      " [ 0.         -2.61262932  0.          0.          0.          0.\n",
      "   0.          0.          0.          0.          0.        ]\n",
      " [ 0.          0.         -1.22367189  0.          0.          0.\n",
      "   0.          0.          0.          0.          0.        ]\n",
      " [ 0.          0.          0.         -1.03259051  0.          0.\n",
      "   0.          0.          0.          0.          0.        ]\n",
      " [ 0.          0.          0.          0.         -1.03259051  0.\n",
      "   0.          0.          0.          0.          0.        ]\n",
      " [ 0.          0.          0.          0.          0.         -0.76628894\n",
      "   0.          0.          0.          0.          0.        ]\n",
      " [ 0.          0.          0.          0.          0.          0.\n",
      "  -0.64876463  0.          0.          0.          0.        ]\n",
      " [ 0.          0.          0.          0.          0.          0.\n",
      "   0.         -0.64876463  0.          0.          0.        ]\n",
      " [ 0.          0.          0.          0.          0.          0.\n",
      "   0.          0.         -0.45565459  0.          0.        ]\n",
      " [ 0.          0.          0.          0.          0.          0.\n",
      "   0.          0.          0.         -0.41760458  0.        ]\n",
      " [ 0.          0.          0.          0.          0.          0.\n",
      "   0.          0.          0.          0.         -0.16632067]]\n",
      "extending guess for order:  1\n",
      "extending guess for order:  2\n",
      "extending guess for order:  3\n",
      "Correction vector: \n",
      " [[ 0.00000000e+00]\n",
      " [ 2.18182484e-06]\n",
      " [-7.26242620e-05]\n",
      " [ 0.00000000e+00]\n",
      " [ 0.00000000e+00]\n",
      " [-4.06368613e-05]\n",
      " [ 0.00000000e+00]\n",
      " [ 0.00000000e+00]\n",
      " [-2.71879865e-05]\n",
      " [-1.32598780e-05]\n",
      " [ 2.59047465e-07]]\n",
      "overlap [[ 1.00000000e+00  0.00000000e+00  0.00000000e+00  0.00000000e+00\n",
      "   0.00000000e+00]\n",
      " [ 0.00000000e+00  1.00000000e+00  1.44448947e-17 -4.22248970e-18\n",
      "   5.80864382e-18]\n",
      " [ 0.00000000e+00  1.44448947e-17  1.00000000e+00 -4.36697360e-17\n",
      "   3.28481382e-17]\n",
      " [ 0.00000000e+00 -4.22248970e-18 -4.36697360e-17  1.00000000e+00\n",
      "   4.89205295e-17]\n",
      " [ 0.00000000e+00  5.80864382e-18  3.28481382e-17  4.89205295e-17\n",
      "   1.00000000e+00]]\n",
      "little s: [1. 1. 1. 1. 1.]\n",
      "sdiag: [[1. 0. 0. 0. 0.]\n",
      " [0. 1. 0. 0. 0.]\n",
      " [0. 0. 1. 0. 0.]\n",
      " [0. 0. 0. 1. 0.]\n",
      " [0. 0. 0. 0. 1.]]\n",
      "Usable roots from <R|H|R>:  [0.5852954277039033, 1.2960900172084946, 1.8202827745317456, 2.513891816696143, 4.170314809610982]\n",
      "Usable vecs from <R|H|R>:  [[-0.73843849 -0.31859943 -0.53928997  0.30266746  0.14463457]\n",
      " [-0.28959077  0.9190968   0.18672092 -0.16053879 -0.18602693]\n",
      " [-0.17086118 -0.28537596  0.67645107 -0.53731194 -0.45609341]\n",
      " [ 0.01859991  0.02979008 -0.29074043 -0.23973998 -0.94597026]\n",
      " [ 0.02441384  0.01633654 -0.42176558 -0.83873398  0.34318536]]\n",
      "RHR: \n",
      " [[ 8.28692379e-01 -5.94625586e-02 -9.20523897e-03 -2.99232826e-02\n",
      "   8.73505364e-03]\n",
      " [-5.94625586e-02  1.21397927e+00  5.38975983e-04  1.81938168e-01\n",
      "  -4.81912951e-02]\n",
      " [-9.20523897e-03  5.38975983e-04  1.91734353e+00  2.75237288e-01\n",
      "  -1.68989020e-01]\n",
      " [-2.99232826e-02  1.81938168e-01  2.75237288e-01  3.73171244e+00\n",
      "  -6.67739316e-01]\n",
      " [ 8.73505364e-03 -4.81912951e-02 -1.68989020e-01 -6.67739316e-01\n",
      "   2.58412100e+00]]\n",
      "Roots from <R|H|R> via QR: [0.81964992 1.20897863 1.86718895 2.28221499 4.09781613]\n",
      "C_i vecs:  [[ 9.88794237e-01  1.48801592e-01 -2.92936169e-03  4.13739618e-03\n",
      "  -1.08785966e-02]\n",
      " [ 1.49059455e-01 -9.85629383e-01 -3.46721477e-02 -3.24624318e-02\n",
      "   6.37183699e-02]\n",
      " [ 8.19942602e-03 -2.70821866e-02  9.84555868e-01  9.35057135e-02\n",
      "   1.45278176e-01]\n",
      " [ 6.98557637e-05  7.51934951e-02 -8.95986716e-02 -4.27532367e-01\n",
      "   8.96400629e-01]\n",
      " [-1.22099509e-05 -2.30193296e-03  1.46325259e-01 -8.98555413e-01\n",
      "  -4.13741212e-01]]\n",
      "C_i vecs:  [[ 9.88794237e-01  1.48801592e-01 -2.92936169e-03  4.13739618e-03\n",
      "  -1.08785966e-02]\n",
      " [ 1.49059455e-01 -9.85629383e-01 -3.46721477e-02 -3.24624318e-02\n",
      "   6.37183699e-02]\n",
      " [ 8.19942602e-03 -2.70821866e-02  9.84555868e-01  9.35057135e-02\n",
      "   1.45278176e-01]\n",
      " [ 6.98557637e-05  7.51934951e-02 -8.95986716e-02 -4.27532367e-01\n",
      "   8.96400629e-01]\n",
      " [-1.22099509e-05 -2.30193296e-03  1.46325259e-01 -8.98555413e-01\n",
      "  -4.13741212e-01]]\n",
      "ritzVecs: [[ 9.88794237e-01  1.48801592e-01 -2.92936169e-03  4.13739618e-03\n",
      "  -1.08785966e-02]\n",
      " [ 1.49059455e-01 -9.85629383e-01 -3.46721477e-02 -3.24624318e-02\n",
      "   6.37183699e-02]\n",
      " [ 8.19942602e-03 -2.70821866e-02  9.84555868e-01  9.35057135e-02\n",
      "   1.45278176e-01]\n",
      " [ 6.98557637e-05  7.51934951e-02 -8.95986716e-02 -4.27532367e-01\n",
      "   8.96400629e-01]\n",
      " [-1.22099509e-05 -2.30193296e-03  1.46325259e-01 -8.98555413e-01\n",
      "  -4.13741212e-01]]\n",
      "ritzRoots: [0.81964992 1.20897863 1.86718895 2.28221499 4.09781613]\n",
      "*********************************\n",
      "*********************************\n",
      "***** Iteration:  4\n",
      "q [[0. 0. 0. 0. 0. 0. 0. 0. 0. 0.]\n",
      " [1. 0. 0. 0. 0. 0. 0. 0. 0. 0.]\n",
      " [0. 1. 0. 0. 0. 0. 0. 0. 0. 0.]\n",
      " [0. 0. 1. 0. 0. 0. 0. 0. 0. 0.]\n",
      " [0. 0. 0. 1. 0. 0. 0. 0. 0. 0.]\n",
      " [0. 0. 0. 0. 1. 0. 0. 0. 0. 0.]\n",
      " [0. 0. 0. 0. 0. 1. 0. 0. 0. 0.]\n",
      " [0. 0. 0. 0. 0. 0. 1. 0. 0. 0.]\n",
      " [0. 0. 0. 0. 0. 0. 0. 1. 0. 0.]\n",
      " [0. 0. 0. 0. 0. 0. 0. 0. 1. 0.]\n",
      " [0. 0. 0. 0. 0. 0. 0. 0. 0. 1.]] 0.8196499202744696 10\n",
      "T0 value is:  [[ 0.          0.          0.          0.          0.          0.\n",
      "   0.          0.          0.          0.          0.        ]\n",
      " [ 0.         -2.61262932  0.          0.          0.          0.\n",
      "   0.          0.          0.          0.          0.        ]\n",
      " [ 0.          0.         -1.22367189  0.          0.          0.\n",
      "   0.          0.          0.          0.          0.        ]\n",
      " [ 0.          0.          0.         -1.03259051  0.          0.\n",
      "   0.          0.          0.          0.          0.        ]\n",
      " [ 0.          0.          0.          0.         -1.03259051  0.\n",
      "   0.          0.          0.          0.          0.        ]\n",
      " [ 0.          0.          0.          0.          0.         -0.76628894\n",
      "   0.          0.          0.          0.          0.        ]\n",
      " [ 0.          0.          0.          0.          0.          0.\n",
      "  -0.64876463  0.          0.          0.          0.        ]\n",
      " [ 0.          0.          0.          0.          0.          0.\n",
      "   0.         -0.64876463  0.          0.          0.        ]\n",
      " [ 0.          0.          0.          0.          0.          0.\n",
      "   0.          0.         -0.45565459  0.          0.        ]\n",
      " [ 0.          0.          0.          0.          0.          0.\n",
      "   0.          0.          0.         -0.41760458  0.        ]\n",
      " [ 0.          0.          0.          0.          0.          0.\n",
      "   0.          0.          0.          0.         -0.16632067]]\n",
      "extending guess for order:  1\n",
      "extending guess for order:  2\n",
      "extending guess for order:  3\n",
      "extending guess for order:  4\n",
      "Correction vector: \n",
      " [[ 0.00000000e+00]\n",
      " [-1.50495354e-05]\n",
      " [ 5.20253671e-07]\n",
      " [ 0.00000000e+00]\n",
      " [ 0.00000000e+00]\n",
      " [ 1.19424007e-06]\n",
      " [ 0.00000000e+00]\n",
      " [ 0.00000000e+00]\n",
      " [ 8.87995912e-07]\n",
      " [ 1.14394825e-06]\n",
      " [ 1.67437580e-08]]\n",
      "overlap [[ 1.00000000e+00  0.00000000e+00  0.00000000e+00  0.00000000e+00\n",
      "   0.00000000e+00  0.00000000e+00]\n",
      " [ 0.00000000e+00  1.00000000e+00 -7.60665087e-18  9.48090610e-19\n",
      "  -5.16539632e-18  5.08753758e-18]\n",
      " [ 0.00000000e+00 -7.60665087e-18  1.00000000e+00 -6.91848139e-17\n",
      "   2.32087510e-17 -3.49273919e-17]\n",
      " [ 0.00000000e+00  9.48090610e-19 -6.91848139e-17  1.00000000e+00\n",
      "  -6.59062177e-18 -1.19633387e-16]\n",
      " [ 0.00000000e+00 -5.16539632e-18  2.32087510e-17 -6.59062177e-18\n",
      "   1.00000000e+00  3.47948557e-17]\n",
      " [ 0.00000000e+00  5.08753758e-18 -3.49273919e-17 -1.19633387e-16\n",
      "   3.47948557e-17  1.00000000e+00]]\n",
      "little s: [1. 1. 1. 1. 1. 1.]\n",
      "sdiag: [[1. 0. 0. 0. 0. 0.]\n",
      " [0. 1. 0. 0. 0. 0.]\n",
      " [0. 0. 1. 0. 0. 0.]\n",
      " [0. 0. 0. 1. 0. 0.]\n",
      " [0. 0. 0. 0. 1. 0.]\n",
      " [0. 0. 0. 0. 0. 1.]]\n",
      "Usable roots from <R|H|R>:  [0.20875192076124902, 0.4360337770571848, 1.8949790838317375, 2.6242528736675816, 4.318386226143767, 8.854792449292187]\n",
      "Usable vecs from <R|H|R>:  [[ 0.28218015  0.41266236 -0.82929856  0.39522309  0.05201997  0.37884677]\n",
